0.5084217728605402
0.5109548670416246
0.3858170522135902
0.21595070471935834
0.24462970029529058
0.2147885360782132
0.19942077106322362
0.1928453504028286
0.1829842335629856
0.1782978713144413
0.17232365683038775
0.1689976080128047
0.16434038781815094
0.16145610257801174
0.1573988761439472
0.15457841877580392
0.15104064562286548
0.1483131055516331
0.14528740720905772
0.1427646601496985
0.14020814730512615
0.1379620341973514
0.13582078051077137
0.1338947096094409
0.132134237421914
0.13054774628079913
0.12913543268473393
0.12786739446262185
0.1267486929503273
0.12574137673228505
0.12484632254513822
0.12403089743305969
0.12329353315634296
0.12261034922316356
0.1219792427332884
0.12138401916888356
0.12082273788959219
0.12028477809030572
0.11976851499307423
0.11926710247047798
0.11877927755627427
0.11830073635542998
0.117830630559071
0.11736642201079897
0.11690772813177006
0.11645328883631191
0.11600320346006042
0.11555715291639082
0.11511567122540808
0.11467909886991287
0.1142482817479858
0.11382394591568942
0.11340706547273657
0.11299848409466257
0.1125991024698338
0.1122096525552799
0.11183079708236425
0.11146300459693732
0.11110661273371987
0.11076177038612786
0.11042848788505538
0.11010662035695243
0.10979591106216668
0.10949599574944811
0.10920643851644707
0.10892674339814556
0.10865638136281033
0.10839480156607753
0.1081414495678755
0.10789577529441885
0.10765724392167256
0.10742534023297906
0.10719957415765745
0.1069794823173481
0.10676463009142516
0.1065546113575149
0.10634904853514106
0.10614759135467604
0.10594991586919164
0.1057557228224845
0.10556473623969961
0.10537670173467063
0.10519138502193354
0.1050085703401833
0.10482805905752272
0.10464966828578214
0.10447322965062958
0.1042985881140751
0.10412560092677273
0.10395413664718037
0.10378407426671027
0.10361530240186057
0.10344771857173361
0.10328122853627793
0.10311574570272034
0.10295119058424572
0.10278749031284198
0.10262457819574558
0.102462393314768
0.10230088016131283
0.10213998830526247
0.1019796720927004
0.10181989037032677
0.10166060623294272
0.10150178679191198
0.10134340296191802
0.10118542926413655
0.10102784364378936
0.10087062730045837
0.10071376452958808
0.10055724257381149
0.1004010514828651
0.1002451839809631
0.10008963534065164
0.09993440326221945
0.09977948775788184
0.09962489103999794
0.09947061741269518
0.09931667316631265
0.09916306647417662
0.09900980729124811
0.09885690725427221
0.0987043795830865
0.09855223898281804
0.09840050154672815
0.09824918465952669
0.09809830690100649
0.09794788794989905
0.09779794848788478
0.0976485101037343
0.09749959519758555
0.09735122688539663
0.0972034289036462
0.09705622551438015
0.09690964141072583
0.09676370162302705
0.09661843142576496
0.09647385624545429
0.09633000156972045
0.09618689285777532
0.09604455545251515
0.09590301449448624
0.09576229483795219
0.09562242096931055
0.09548341692810319
0.09534530623085677
0.09520811179799532
0.09507185588404315
0.09493656001134018
0.09480224490746672
0.09466893044656932
0.0945366355947516
0.09440537835968558
0.09427517574456709
0.09414604370652926
0.09401799711959098
0.09389104974220645
0.09376521418944865
0.09364050190983755
0.09351692316680105
0.09339448702472951
0.09327320133956116
0.09315307275381277
0.0930341066959496
0.09291630738396252
0.09279967783300569
0.09268421986692646
0.09256993413350265
0.09245682012318883
0.0923448761911591
0.09223409958242182
0.09212448645977409
0.09201603193435387
0.0919087300985474
0.09180257406099648
0.09169755598346191
0.09159366711928772
0.09149089785321834
0.09138923774232607
0.09128867555780928
0.09118919932742658
0.09109079637834752
0.09099345338020068
0.09089715638811793
0.09080189088558266
0.09070764182689821
0.09061439367911431
0.090522130463252
0.09043083579469019
0.09034049292258567
0.09025108476821343
0.09016259396213065
0.09007500288007478
0.08998829367752786
0.08990244832288624
0.08981744862918883
0.08973327628436825
0.08964991288000453
0.08956733993856406
0.08948553893912428
0.08940449134158593
0.0893241786093905
0.08924458223076225
0.08916568373850173
0.08908746472836691
0.08900990687607796
0.08893299195299112
0.08885670184048487
0.08878101854311035
0.0887059242005556
0.08863140109847688
0.0885574316782502
0.08848399854569797
0.08841108447884469
0.08833867243475275
0.08826674555549657
0.0881952871733196
0.08812428081503125
0.08805371020568582
0.08798355927159662
0.0879138121427245
0.08784445315448733
0.08777546684902937
0.08770683797599069
0.08763855149281083
0.08757059256460464
0.08750294656364006
0.08743559906845086
0.08736853586260915
0.08730174293319211
0.08723520646895935
0.08716891285827232
0.0871028486867747
0.08703700073485446
0.0869713559749097
0.08690590156843658
0.08684062486295495
0.08677551338879111
0.08671055485573234
0.08664573714956905
0.08658104832853641
0.0865164766196753
0.0864520104151152
0.08638763826830387
0.08632334889018317
0.08625913114533294
0.08619497404808366
0.08613086675861713
0.0860667985790548
0.08600275894955109
0.08593873744439316
0.08587472376811875
0.08581070775165545
0.08574667934849023
0.08568262863087248
0.0856185457860563
0.0855544211125844
0.08549024501662084
0.08542600800832832
0.08536170069829957
0.08529731379403742
0.0852328380964882
0.08516826449662601
0.08510358397208868
0.08503878758386169
0.08497386647301056
0.08490881185745644
0.0848436150287944
0.0847782673491485
0.08471276024806051
0.08464708521940888
0.08458123381834934
0.08451519765827759
0.08444896840780353
0.08438253778773457
0.08431589756805957
0.08424903956493021
0.0841819556376328
0.08411463768554202
0.0840470776450543
0.08397926748649209
0.08391119921097437
0.08384286484724628
0.08377425644846354
0.08370536608892477
0.08363618586074736
0.08356670787048034
0.08349692423565105
0.08342682708123914
0.08335640853607423
0.08328566072915437
0.08321457578587732
0.08314314582418636
0.08307136295062327
0.08299921925628684
0.0829267068126947
0.08285381766754492
0.0827805438403749
0.08270687731811936
0.08263281005055875
0.08255833394566442
0.08248344086483289
0.08240812261801445
0.08233237095872872
0.0822561775789738
0.08217953410402144
0.08210243208710616
0.08202486300400041
0.08194681824748225
0.08186828912169188
0.08178926683638112
0.08170974250105176
0.08162970711898866
0.08154915158118434
0.08146806666015716
0.08138644300366508
0.08130427112831401
0.08122154141306231
0.08113824409262155
0.08105436925075625
0.0809699068134807
0.08088484654215454
0.08079917802647842
0.08071289067738754
0.08062597371984724
0.0805384161855461
0.08045020690549094
0.08036133450249938
0.08027178738359368
0.08018155373228997
0.0800906215007895
0.07999897840206228
0.0799066119018293
0.07981350921043695
0.07971965727462549
0.07962504276918703
0.07952965208851284
0.07943347133802628
0.07933648632550117
0.07923868255225966
0.0791400452042509
0.07904055914300304
0.07894020889644968
0.07883897864962444
0.07873685223522298
0.07863381312402497
0.0785298444151773
0.07842492882633337
0.07831904868364098
0.07821218591158173
0.07810432202265437
0.07799543810689814
0.07788551482125634
0.07777453237877278
0.07766247053762174
0.07754930858996603
0.07743502535064098
0.07731959914566564
0.07720300780057356
0.07708522862856657
0.07696623841848879
0.0768460134226199
0.0767245293442902
0.0766017613253155
0.07647768393325423
0.07635227114849194
0.07622549635115106
0.07609733230783429
0.07596775115820611
0.07583672440141462
0.07570422288236689
0.07557021677786105
0.07543467558258776
0.07529756809500987
0.0751588624031352
0.07501852587019398
0.07487652512023761
0.07473282602367615
0.0745873936827732
0.07444019241712019
0.07429118574910965
0.07414033638943966
0.07398760622266858
0.07383295629285469
0.07367634678931442
0.07351773703252788
0.07335708546023773
0.0731943496137725
0.07302948612464678
0.0728624507014787
0.07269319811727756
0.07252168219715469
0.07234785580651268
0.07217167083977674
0.07199307820973103
0.07181202783752696
0.07162846864344116
0.07144234853845355
0.071253614416734
0.07106221214911937
0.07086808657767252
0.07067118151142235
0.07047143972338213
0.07026880294895499
0.07006321188583778
0.06985460619554044
0.06964292450664414
0.06942810441992504
0.06921008251548158
0.06898879436200256
0.06876417452832193
0.068536156597418
0.06830467318300701
0.06806965594890291
0.06783103563131097
0.06758874206423059
0.06734270420815353
0.06709285018224322
0.06683910730018927
0.06658140210994115
0.06631966043752205
0.06605380743513611
0.06578376763378575
0.06550946500061744
0.0652308230012234
0.06494776466712654
0.06466021266868308
0.06436808939363642
0.06407131703156162
0.06376981766444367
0.06346351336362435
0.0631523262933654
0.06283617882126791
0.06251499363578691
0.06218869387107952
0.0618572032394228
0.06152044617142998
0.06117834796428774
0.06083083493823486
0.060477834601485966
0.06011927582380172
0.059755089018884856
0.05938520633577937
0.05900956185941887
0.05862809182046437
0.05824073481454319
0.05784743203097342
0.05744812749104147
0.057042768295858186
0.05663130488378858
0.0562136912974191
0.05578988545997046
0.055359849461024964
0.054923549851389905
0.054480957946856465
0.05403205014054173
0.05357680822345197
0.053115219712827316
0.05264727818772996
0.05217298363125868
0.05169234277870488
0.05120536947082901
0.05071208501130989
0.05021251852736627
0.04970670733241314
