0.7125259468286814
0.8555700456521891
0.5083345991086384
0.4990770649147217
0.2772183767717725
0.28638810216419774
0.1915386768227482
0.2378688499505399
0.21024388044362602
0.1767719512433791
0.17218725895281664
0.1561289627526367
0.14228273587491244
0.13935386394446672
0.13307720241311602
0.12994638735240718
0.12780311971709718
0.12537052443304736
0.12418032604102924
0.12321553022873556
0.12200774650572054
0.1210832494923357
0.12049879184961268
0.11989253224973251
0.11923089782034083
0.11871230257107296
0.1183193743562274
0.1179064331316164
0.11747888578192858
0.11712236988287708
0.11682409069344085
0.11651455809016666
0.11619680139587756
0.1159152846455321
0.11566633150614959
0.11541191636385587
0.11514952607532362
0.1149051423149668
0.11468200633967549
0.1144579090819959
0.1142260203178613
0.11400170839876236
0.11379268746595218
0.11358685733703006
0.11337472756282434
0.11316367949995307
0.11296349608335167
0.11277014417652803
0.11257358371744068
0.11237406375952641
0.11218057376991035
0.11199604006341629
0.11181285758566711
0.1116252575394047
0.11143801141908873
0.1112588792633309
0.11108625857565993
0.11091146726370293
0.11073202408022913
0.11055578792273794
0.11038935543748646
0.11022729257251472
0.11005977663786823
0.10988752819834366
0.10972228905840145
0.10956957368598094
0.10941882341862653
0.10925801458313153
0.10909250383895347
0.10894059679572372
0.10880594619509018
0.10866887896925254
0.10851304800121066
0.10835283613839615
0.10821933990046036
0.10811134382961274
0.10799061407763119
0.10783208138620455
0.10767128737655496
0.10756677732155638
0.10750267434388308
0.10739996087418144
0.10721350773455367
0.10703604246759538
0.10698926335829094
0.10701022146462477
0.10692752180700184
0.10663471663770517
0.1064075295742851
0.10651358702565508
0.10673240820074896
0.10670219898343682
0.10603202842756529
0.10575404057971838
0.10636686933036257
0.10713552957804877
0.10758444214135912
0.10535796163789939
0.1059407805164678
0.10856809361876181
0.11131954499043238
0.1169447962270244
0.10639795793178145
0.11847454931582443
0.1281660676171554
0.14164677641229892
0.15775314312646205
0.1368251384382732
0.18929793942115375
0.14277889344975883
0.23341622953418165
0.21897003620804453
0.268647005073931
0.3012244443186988
0.49006979274045237
0.3974597365690407
0.29979627039303214
0.4304182382575213
0.2187070385206194
0.199990873561627
0.25362549795404293
0.22283496640122752
0.25924996611457635
0.4020122278321345
0.2158240164789614
0.2268387765395542
0.3032051122105271
0.19736871764376207
0.1671872090036676
0.17317923835330767
0.14282686898480362
0.13839577764874544
0.13591680773562126
0.1241603944018289
0.11899536855794968
0.11308159580002142
0.11124144179816842
0.10729136054248002
0.1032466651126007
0.10468091711885782
0.10264820561608366
0.10046615254868951
0.10161433949473309
0.10066575550244222
0.09940238724625704
0.09980562388750097
0.09929883147937765
0.09847836505651099
0.09841662632435924
0.09807281757208072
0.09749948190887262
0.09723026674382876
0.09695024264983346
0.09654228940049212
0.0962195749866231
0.09596810851801714
0.09567822537281533
0.09537650384035243
0.09513128947778964
0.09491170589324438
0.09465882335031192
0.0944073931469527
0.09420581389432722
0.09400433701868545
0.09375958389956476
0.09353241622623384
0.09335728010375681
0.09315479342710814
0.09289620874937946
0.09268752006533733
0.09254168041229452
0.09231742065911219
0.09201929796364859
0.09185002074369142
0.09175706570421864
0.0914570180911878
0.09107590299206197
0.09103527226852823
0.09106079487668386
0.09049504798830839
0.08998696922541465
0.09040137855500767
0.09078190557032748
0.08916940744553611
0.08896208125624402
0.09103748170332693
0.09360004362473673
0.08767446933228601
0.09400670316003333
0.10378156252005274
0.12353582256178773
0.13210539704038848
0.195555808661697
0.2523109401354726
0.2872048584866473
0.27940195502160164
0.3538885919342428
0.458594219583029
0.10378561701812702
0.1517182856677342
0.128155669758393
0.2150099712402726
0.28245090891025376
0.18859980696902368
0.2398890440189593
0.30602298088798485
0.1489759865106461
0.112742940157677
0.09039381387336089
0.09097970965608679
0.0894654330732797
0.09039983737542963
0.08662453574764442
0.08627118081096183
0.08655540042546736
0.0857177551746841
0.08468447593173614
0.08469975771888616
0.08469433742265978
0.08368405340050683
0.08317184933172703
0.08346727821498971
0.08311649665120395
0.08182509636869426
0.08196891956520172
0.08263236256047723
0.08130680397255886
0.080009733750882
0.08149478267688359
0.08332857353886809
0.07837238446612002
0.08032211849779441
0.08563585396172185
0.0924349167032856
0.08504820351999376
0.11062840616636241
0.16084008795789212
0.09462602789412662
0.10448889758719704
0.14363392721149934
0.16529116240881053
0.2316292994742975
0.3752807476848492
0.5217764416950511
0.16802648016301575
0.29232601827805305
0.1891425671053249
0.29962724656475614
0.18985370843979826
0.2106067288770139
0.23402261227580143
0.14846317140482593
0.09109883576092168
0.09523588128350721
0.08165861174768475
0.08540376918915783
0.08315628224701722
0.07756148866962213
0.08097444707029869
0.07727155245462257
0.0767234528353462
0.07598213658497321
0.07717875031212464
0.07376428415098285
0.07478439959271671
0.07375376469607972
0.07443474690157086
0.07088914288396156
0.07345211438105985
0.07246585656581982
0.07080742558856051
0.06918973219782597
0.07625759064373556
0.07959627561538192
0.06764593999955845
0.08991374850205233
0.12854851476359966
0.081922424836475
0.08614614896293668
0.12448558822824625
0.23675039684966953
0.2810012437214762
0.26426684064142847
0.2976206622922539
0.39882551679082534
0.23061384013134284
0.31218789251227497
0.4706374579186696
0.13750609511632098
0.12952119950014906
0.13672604743880154
0.11509871215543283
0.09940556440060523
0.09024231155123805
0.10391099151875707
0.13854156047301322
0.13268634969597526
0.15100374618173704
0.20172970254154776
0.3042059652071508
0.25476394135604524
0.3633674338325142
0.45883428913152585
0.11917754734380377
0.25395435732356003
0.17818560348270338
0.15562441537486799
0.17094829688423635
0.14186191652502883
0.13952498776741798
0.18035765169132645
0.16420685014521053
0.15221792261729133
0.15601668569035723
0.14137925381628086
0.1518161109301362
0.20299096246796214
0.1778976714498413
0.1581377918769355
0.1596794273648025
0.14659798332369645
0.16289357970398577
0.22732510892791402
0.18221514801570612
0.1568588606051692
0.15588942851170295
0.1430828624894024
0.15606484179090363
0.21401304950665956
0.17077268230361087
0.1454726983792722
0.13747708472411266
0.1283144682798705
0.13539408876724562
0.17249323859689833
0.1563420103440167
0.13708721374447386
0.12651058863099393
0.12344422748666549
0.13233098640151242
0.16249229897081435
0.15563912004077415
0.14066906034505133
0.13382603227248668
0.13288118381690595
0.14434356326443942
0.18854621254843987
0.17184612646689668
0.15683721780678897
0.16460723487461437
0.15531544657373778
0.16345504494478844
0.22782271852017788
0.18647545631323098
0.1510260768298759
0.15354075548592971
0.14262056733650827
0.1479152584435629
0.1930465980314885
0.16073929916676896
0.1338474830057692
0.12523486998445754
0.1207607996968539
0.12154918108933796
0.14221889643415092
0.14049669799903097
0.1214838635073508
0.10892585349625965
0.11238397433402116
0.11615258428647694
0.12448613014935593
0.13195467714744222
0.11797710715213532
0.10799659917485616
0.11846999798613468
0.1250447153533236
0.14316901917946795
0.14926858915349425
0.1452290872526585
0.16301775465070897
0.1703403836027537
0.15963051651055754
0.222100940085998
0.20151038336228377
0.14746014393812656
0.15944657076865865
0.145496775778942
0.13991302243913084
0.17786449575340973
0.15843454635716814
0.13768803082674846
0.14292888869191983
0.14015910628576583
0.12934807116355088
0.15574707152930373
0.149196536723861
0.13076253993104947
0.13240294162613425
0.13416563610563564
0.12359528055569897
0.14312226212360896
0.14173484582963997
0.12844122961098653
0.1329952413932117
0.1397853556856189
0.12516807117672885
0.14843339605953199
0.1473363212838994
0.13423109083019877
0.15113108145421544
0.15690626704526328
0.12972653813307133
0.157867461329615
0.15451612270818016
0.13374987797491253
0.15377072424928623
0.15574742428592636
0.12565335061339972
0.1469441013780018
0.14458638887659767
0.1278551735913242
0.14267179796440782
0.1491072517347266
0.12018923288912367
0.13733681970795025
0.13715928954531575
0.1240108949561422
0.1409995692800665
0.1519450189579606
0.11840195063058473
0.13698257076792048
0.1380300920583326
0.12369615662534593
0.1479782703711311
0.16049499437452525
0.11717666527273726
0.13601549579732627
0.13761266661513427
0.11973228881948826
0.14536575875396046
0.1585773061990715
0.1134744793592183
0.12923359350009678
0.13164378078021305
0.11555508152753688
0.14082441141871316
0.1569942284879852
0.11133640669557851
0.12760643507158925
0.13086164585395837
0.1147716607432514
0.14554938654746938
0.16414150501230926
0.1099356358118841
0.12746225391002286
0.13140403061274394
0.11122720356673171
0.14418422757966223
0.16355579642733262
0.10695418986776425
0.12298414497051212
0.127588078885758
0.10765227652739817
0.1407833466293917
0.16207931217726188
0.10539110152411671
0.12263035861988236
0.1279979673380414
0.10691529002595468
0.14464170590651348
0.16761997620969094
0.10359219226229492
0.12148787145788748
0.1275381906579089
0.10271285307530102
0.14012735758006764
0.16357354953926012
0.10159169014586018
0.11986266530874845
0.12680484939685863
0.10199697885626544
0.14253404358961508
0.16748278916931617
0.10027777137187238
0.12002889761624962
0.12776891079495323
0.09879840705706545
0.13938774391698064
0.16433997836917522
0.09856147009702931
0.11915735959586327
0.12793036031033633
0.09804657684275479
0.14083484250084202
0.16658724045244236
0.09732436168136706
0.11952839056315817
0.12927742935362585
0.09536810845107477
0.13749247811286391
0.16278519514261403
0.09612632866632365
0.1200503587904513
0.13111791579501292
0.09538215211643147
0.13987846854530525
0.16548855054411177
0.09471762028047849
0.1200248262507363
0.13207524123366715
0.09231246011481463
0.13395435513189047
0.1583823060349756
0.0945782832469944
0.1232631791672753
0.13729215890039914
0.09442111361327639
0.14090123922232678
0.16577645023042292
0.09181528534838213
0.11978394287222788
0.13395905591230547
0.08904982769101455
0.12706852555677828
0.14959475666791566
0.095144521048574
0.131608600797664
0.14989555766806936
0.09609516252599964
0.14726544553940463
0.17166422310473775
0.08552596799504306
0.11067557045972991
0.1247758081878752
0.08482478570199747
0.1133722500673328
0.13345857179800288
0.10142407250280307
0.15536966695470583
0.1817155593425601
0.10077819578077496
0.15997732800152614
0.18471137270302745
0.06570569041085625
0.07058156792076432
0.07673657936492533
0.07257175869968789
0.06870386650290308
0.08565866858224142
0.09580622870575388
0.1553226504881149
0.19557762141027607
0.13067655247640217
0.256102095776781
0.28833012557589427
0.05501366731034976
0.05382189768708264
0.04757798686389083
