0.3849169700703318
0.56843345943827
0.4236594072290572
0.30107390718940985
0.2633874543694932
0.2034907843304565
0.229620195971083
0.20147008163190774
0.21784936602679195
0.20163389408625043
0.2091635810980478
0.19919397651990942
0.19763237801655031
0.182905435789524
0.18418836887718837
0.1642210572412063
0.16671760489001486
0.147555650600838
0.14843069821565288
0.13499608893095916
0.13426775374979788
0.12732981308765143
0.1261794366964291
0.12300260509984542
0.1219522532552186
0.12030071611302551
0.11933208504145318
0.1183043532518321
0.11745837666265459
0.11671415781620917
0.11601805835257015
0.11541877270651478
0.1148505831894157
0.11434230280348384
0.11386686500256425
0.11342675792446212
0.11301605174125685
0.11262928866773966
0.11226521687545771
0.1119194527907707
0.11159041247233129
0.11127568884758875
0.11097345354203945
0.11068221701503644
0.11040048015485487
0.11012708758524228
0.10986094669609824
0.10960112452297988
0.10934681166202406
0.10909728622233722
0.10885192923247416
0.10861019591989887
0.1083716131855163
0.10813577138572125
0.10790231460931163
0.10767093650161663
0.10744137363436879
0.10721340084270692
0.10698682727472383
0.10676149254472332
0.10653726380638791
0.10631403313622041
0.10609171532709201
0.10587024609853264
0.10564958056250535
0.1054296919520627
0.10521057054496172
0.10499222271829604
0.10477467009788868
0.10455794875067317
0.10434210837970574
0.10412721148946538
0.10391333249200593
0.10370055673340764
0.10348897942691408
0.10327870448548404
0.10306984325351708
0.10286251314348607
0.1026568361885277
0.10245293752675212
0.10225094383677544
0.10205098174680201
0.10185317624151866
0.10165764909201905
0.10146451733403174
0.10127389181893587
0.10108587586043674
0.10090056399750544
0.10071804089129936
0.10053838037045476
0.10036164463548383
0.10018788362917308
0.1000171345759994
0.09984942168980608
0.09968475604542751
0.09952313560672785
0.09936454540073247
0.09920895782521727
0.09905633307535804
0.0989066196737988
0.09875975508781748
0.09861566641706707
0.09847427113564121
0.09833547787287558
0.09819918721826844
0.09806529253714823
0.09793368078510747
0.09780423331073287
0.09767682663770813
0.09755133321888752
0.09742762215640703
0.0973055598832635
0.0971850108030356
0.09706583788552858
0.09694790321707861
0.09683106850506966
0.09671519553688285
0.09660014659403988
0.09648578482271641
0.09637197456211874
0.09625858163242643
0.09614547358415267
0.09603251991084512
0.09591959222707488
0.09580656441364234
0.09569331273188371
0.09557971590889158
0.09546565519537265
0.09535101439778032
0.09523567988625004
0.09511954057977973
0.095002487909985
0.0948844157646782
0.09476522041242702
0.09464480040917087
0.09452305648789974
0.09439989143233483
0.094275209935494
0.09414891844397773
0.09402092498876469
0.09389113900327127
0.0937594711294006
0.09362583301228078
0.09349013708436855
0.09335229633957062
0.09321222409802514
0.09306983376216409
0.09292503856465045
0.09277775130877089
0.09262788410183248
0.09247534808208575
0.09232005313965447
0.09216190763190828
0.09200081809366648
0.09183668894256736
0.09166942217985515
0.0914989170867733
0.09132506991667096
0.09114777358284043
0.09096691734200141
0.09078238647325276
0.09059406195220798
0.09040182011994197
0.09020553234624515
0.09000506468657918
0.08980027753204509
0.08959102525158695
0.08937715582553099
0.0891585104694615
0.08893492324741284
0.0887062206733041
0.08847222129942969
0.08823273529071832
0.08798756398356417
0.0877364994280973
0.08747932391256921
0.08721580946836427
0.08694571735449175
0.0866687975207866
0.08638478804855179
0.08609341456672351
0.08579438964275071
0.08548741214896916
0.08517216660351987
0.08484832248179452
0.08451553349809394
0.08417343686467524
0.08382165252887173
0.08345978237247383
0.08308740937109568
0.08270409675213228
0.08230938716504228
0.08190280177777749
0.08148383926190765
0.0810519748895573
0.08060665988397966
0.08014732047202144
0.07967335619269693
0.07918413894832307
0.0786790143457819
0.07815730131680941
0.07761828473490914
0.07706121236080606
0.07648531497692018
0.07588981721489434
0.0752738700420629
0.0746364999291206
0.07397683695437512
0.07329434481481034
0.07258802110398385
0.0718553498052776
0.07109521875592063
0.07031283439854602
0.06950879774925445
0.06865543196316637
0.06773882127692382
0.06687686873769105
0.0661580151033071
0.06503934852939948
0.06299501269013
0.0629482325858976
0.06928460627135141
0.07461583957751798
0.10124685104598062
0.5217181801981933
0.43116868305372386
0.796258504027416
0.8709308166161189
1.0742106008690748
1.1191445180449797
1.1133786904889489
1.1109974396027238
1.1038309922700835
1.1088575835346568
1.1570690753647783
1.0876551538982018
1.2139404835339553
1.0707076742070663
0.9003639967892669
0.9929711192666387
1.3823385501064949
1.3097727986255807
0.9391912627429329
1.1300727837396052
1.4073128504993264
1.4366344052954096
1.3417709364394643
1.0225608975684075
0.8073987864800274
0.16363016244671644
0.2132715182951648
0.1970796003195605
0.24419358618031417
0.19149615840340425
0.14956117397528917
0.14902989336725053
0.14417589886945012
0.13789844847579874
0.14846214676195663
0.13780721888986053
0.1817102498954789
0.15299375870713253
0.2685933288084986
0.35845255019882794
0.4278840609639587
0.5182606081459833
1.1642140874021347
1.0006257942497792
0.7762290343005614
0.21746878634603575
0.3940358355470691
0.2908852608773518
0.35933521092688975
0.47544295684738724
0.3786118718844079
0.24893632220436665
0.12896961804562657
0.15216915817448182
0.1408716820100101
0.24360658102494848
0.3363571846025545
0.3872835220693261
0.5094426495613709
1.14334720675124
0.9629962370433891
0.6663113703816381
0.3475868226031413
0.7530516095955802
0.2875723078462222
0.2771811594827631
0.5524057114086294
1.1319930137539866
1.0365473231168816
1.0122280633304372
0.7905868156098724
0.3721105561793924
0.4806318184620436
0.3247511581518578
0.35102442928102245
0.3769532791873968
0.25921446572947515
0.3055661221475064
0.14608282209556814
0.12936988510699293
0.12010433923331398
0.12889635263442756
0.13794045668195948
0.10717014892657768
0.11488770797249813
0.11517586684296857
0.1006912927809855
0.10656288788587431
0.11005294302583207
0.09970646796653494
0.09982586830210415
0.10050188552149826
0.1101689825384029
0.09746752285059299
0.10101397498032019
0.10112791998482903
0.12234945781169937
0.09767076250720659
0.10867772049840879
0.10555093897643608
0.13833831508817773
0.10885728708905702
0.13708291231454994
0.1507319822388057
0.09692520890959871
0.09954033099518478
0.09853205454011368
0.09246420192213584
0.09178424456230821
0.09306804428533991
0.0998659991192461
0.09042281148910447
0.09475922044066451
0.09749023326932615
0.14554606768479375
0.09976362519722613
0.12329170363255221
0.13436411357837283
0.11172980466649615
0.09394814753545008
0.12033052398544156
0.1180058249379972
0.15297154285526415
0.12502179276210273
0.1967042714910465
0.23333720401474828
0.21292329102840024
0.2702129769138167
0.3468711958076242
0.41564505514224764
0.21606997628847474
0.13422709117549278
0.10783387941725057
0.12577575091753276
0.11058242468854661
0.08748568807170354
0.0931592438516349
0.09290606548270594
0.08813454014253731
0.08232171996432702
0.086660364601513
0.09811267035485657
0.09138653132218263
0.08617248655577177
0.1124350807349792
0.16264406492187963
0.08335381770761358
0.08924266088078912
0.10692244642521942
0.08236822233533031
0.11384368458821076
0.1407169818971768
0.10180963137904421
0.0924869441015358
0.1554185567627186
0.1929516563917753
0.09498366585722899
0.1265981869886291
0.2051430973986349
0.25215896737304544
0.5720394040069519
0.21490811393251705
0.29883142654873557
0.24713781369303572
0.31946172750289
0.09917791904526818
0.10096600710265066
0.08405483146773252
0.07846336411236404
0.07568313839052901
0.07085974487795378
0.06779196743894235
0.06464907943813587
0.06751784745046198
0.06285650805415857
0.0589849065454125
0.062709374716472
0.13286328645636997
0.07803074465649977
0.16522697940515363
0.33714332058715485
0.39519144551465896
0.08340501646349234
0.08189511207213407
0.1165441203129412
0.24101564567384468
0.3233700111746103
0.5944047000408056
0.3938914675329467
0.42593724948122724
0.36659968283557
0.5118040160849598
0.12522894102330323
0.15373804336297192
0.12759779463740517
0.08117927600562
0.10227610921193181
0.13239295562934575
0.13630224417940973
0.19233124200788676
0.22839994782121556
0.29023698938016007
0.3461526096348419
0.1682400436788875
0.2702059976571881
0.15941469888191134
0.09724620168755144
0.10589185835290688
0.1517459949174417
0.1600677776580282
0.2587604977165644
0.2047002050147721
0.31222793451837766
0.2700543846405072
0.080779894105119
0.14702605202722568
0.1309991480068222
0.1325597020656477
0.12546281143831856
0.13086902800827493
0.10888551246603104
0.21385745122302005
0.23183007644656084
0.3601827541840731
0.3767498946978114
0.105132143282667
0.28752362798234077
0.16713941101957847
0.13924079214494225
0.08502837748522446
0.06639064265027068
0.04468562984304876
