0.7904903063706332
0.623391946940812
0.5432131908413139
0.27015880715988205
0.33880840176523547
0.2787305509458807
0.2632444173476914
0.2390397960884051
0.21796939404770252
0.204621937912277
0.19413934539926386
0.18771230029607688
0.18032908767500133
0.17509793210785948
0.16827208839640206
0.16363435476488622
0.15815511086616096
0.15454328782715773
0.15046392780039672
0.14789035152298077
0.14488828931177417
0.14303712271772423
0.14076750352370843
0.13932612617050846
0.13755591284064675
0.13635843842181683
0.13494974058121134
0.1339279080363484
0.132792766390644
0.1319157152156354
0.13099095823022905
0.130237426481188
0.12947424810143934
0.12882485427092105
0.1281850069753736
0.12762154892452512
0.12707543656258277
0.12658152947365875
0.12610659496861518
0.12566815603316314
0.12524738961826895
0.12485276823059617
0.12447342208583304
0.12411325940989176
0.1237658090358864
0.12343275118343819
0.12311008925461255
0.12279845015441918
0.12249527348449188
0.12220070517486413
0.12191305261332483
0.12163225232486098
0.12135715817600867
0.12108762375775953
0.12082285942756128
0.12056269434914166
0.12030657767290512
0.12005434146619767
0.11980559808179896
0.11956019555214056
0.11931785989025173
0.11907846135648881
0.11884180686559123
0.11860779154253737
0.11837628135446336
0.1181471966289632
0.11792044748117136
0.1176959780943061
0.11747373207532161
0.11725367482035898
0.11703577526057357
0.11682001641573128
0.1166063858066986
0.11639487989708527
0.11618549894575532
0.11597824844543228
0.1157731362060467
0.11557017243061463
0.11536936793157043
0.11517073368112428
0.11497427964350365
0.11478001421113308
0.11458794342041301
0.11439807046402255
0.11421039518594861
0.11402491374638993
0.11384161834226687
0.11366049704238984
0.11348153369530986
0.1133047079220939
0.1131299951759023
0.11295736686492962
0.11278679052776691
0.1126182300534627
0.11245164593766967
0.11228699556692195
0.1121242335238085
0.11196331190624934
0.111804180655063
0.11164678788460507
0.11149108021216818
0.11133700308249785
0.1111845010845228
0.11103351825799958
0.11088399838833546
0.1107358852882968
0.11058912306569071
0.11044365637637715
0.11029943066216416
0.11015639237325855
0.11001448917499984
0.10987367013860032
0.10973388591559227
0.10959508889561653
0.10945723334713588
0.1093202755406039
0.10918417385359042
0.10904888885738287
0.10891438338462744
0.10878062257768414
0.10864757391753191
0.10851520723325694
0.10838349469242467
0.10825241077291527
0.10812193221712284
0.10799203796973081
0.10786270910059197
0.10773392871452264
0.10760568185006189
0.10747795536943092
0.1073507378420465
0.10722401942398302
0.10709779173574377
0.10697204774059875
0.106846781625561
0.10672198868685007
0.10659766522140388
0.10647380842569314
0.10635041630276929
0.1062274875781502
0.10610502162483625
0.10598301839746188
0.10586147837533595
0.1057404025139097
0.10561979220403898
0.10549964923828369
0.10537997578340041
0.10526077435814105
0.10514204781545818
0.10502379932823758
0.10490603237771771
0.10478875074382063
0.10467195849669043
0.10455565998880777
0.10443985984715004
0.10432456296493385
0.10420977449257324
0.1040954998275562
0.10398174460302145
0.10386851467488023
0.10375581610739061
0.10364365515714163
0.10353203825545515
0.1034209719892476
0.1033104630804321
0.10320051836396518
0.10309114476466952
0.1029823492729749
0.10287413891974201
0.10276652075033611
0.10265950179812684
0.10255308905759511
0.10244728945722693
0.10234210983237149
0.10223755689824092
0.10213363722321889
0.10203035720264308
0.10192772303321093
0.10182574068816122
0.10172441589335542
0.10162375410439099
0.10152376048485004
0.10142443988578684
0.10132579682653851
0.10122783547692933
0.10113055964093473
0.10103397274184575
0.10093807780897367
0.1008428774659136
0.10074837392038254
0.10065456895562402
0.1005614639233754
0.10046905973836874
0.10037735687433882
0.10028635536149572
0.10019605478541241
0.10010645428727358
0.10001755256542263
0.09992934787813822
0.09984183804756755
0.09975502046474059
0.09966889209558476
0.0995834494878563
0.0994986887789071
0.09941460570419727
0.09933119560647476
0.0992484534455307
0.09916637380845073
0.09908495092027897
0.09900417865501454
0.09892405054686143
0.09884455980166129
0.09876569930843283
0.09868746165095399
0.09860983911931918
0.09853282372141733
0.09845640719426768
0.09838058101516811
0.09830533641260537
0.09823066437688621
0.0981565556704491
0.09808300083782279
0.09800999021520415
0.09793751393962467
0.0978655619576872
0.09779412403385257
0.09772318975826264
0.0976527485540865
0.09758278968438484
0.09751330225848147
0.09744427523784759
0.09737569744148974
0.09730755755085335
0.09723984411423704
0.09717254555073074
0.0971056501536835
0.09703914609370959
0.0969730214212443
0.0969072640686622
0.09684186185196819
0.09677680247207887
0.09671207351570249
0.09664766245583767
0.0965835566519008
0.09651974334949937
0.09645620967986601
0.09639294265896607
0.0963299291862939
0.09626715604337241
0.09620460989196927
0.09614227727203982
0.09608014459941674
0.09601819816324735
0.09595642412319977
0.09589480850644404
0.09583333720441492
0.09577199596937268
0.09571077041076426
0.09564964599139228
0.09558860802340155
0.09552764166408734
0.09546673191152816
0.0954058636000502
0.09534502139552478
0.09528418979050028
0.09522335309917354
0.09516249545219728
0.09510160079132435
0.09504065286389331
0.09497963521714353
0.09491853119236807
0.09485732391889341
0.09479599630788832
0.09473453104599268
0.09467291058876413
0.0946111171539375
0.0945491327144879
0.09448693899149405
0.0944245174467937
0.09436184927542245
0.09429891539782861
0.09423569645185725
0.0941721727844919
0.0941083244433451
0.09404413116789091
0.09397957238042644
0.09391462717675268
0.09384927431656592
0.09378349221354722
0.09371725892513975
0.09365055214200307
0.09358334917713308
0.09351562695463576
0.0934473619981437
0.09337853041886376
0.0933091079032449
0.09323906970025185
0.09316839060823881
0.0930970449614032
0.09302500661581632
0.09295224893501317
0.09287874477513447
0.09280446646960537
0.09272938581334426
0.09265347404648684
0.09257670183761779
0.09249903926649675
0.09242045580627145
0.09234092030516534
0.09226040096763206
0.09217886533496572
0.09209628026536074
0.09201261191341044
0.09192782570903725
0.0918418863358478
0.09175475770890487
0.09166640295191009
0.09157678437379349
0.09148586344470057
0.09139360077137756
0.09129995607194663
0.0912048881500728
0.09110835486851453
0.09101031312206244
0.09091071880986305
0.0908095268071276
0.09070669093622845
0.09060216393718759
0.09049589743755702
0.09038784192169912
0.09027794669947344
0.09016615987433507
0.09005242831085566
0.08993669760167747
0.08981891203391157
0.08969901455499489
0.08957694673802134
0.08945264874656429
0.08932605929901193
0.0891971156324319
0.08906575346599825
0.08893190696399704
0.08879550869844918
0.08865648961137679
0.08851477897675047
0.08837030436215851
0.08822299159023865
0.08807276469991857
0.08791954590751964
0.087763255567779
0.08760381213485145
0.0874411321233582
0.08727513006956
0.08710571849273178
0.08693280785683401
0.08675630653256913
0.08657612075994223
0.08639215461143365
0.08620430995591732
0.08601248642346349
0.08581658137118309
0.08561648985028175
0.08541210457450574
0.085203315890188
0.08499001174811119
0.08477207767743561
0.08454939676194843
0.0843218496189304
0.08408931438095017
0.08385166668093655
0.0836087796408887
0.08336052386464195
0.08310676743512364
0.08284737591658348
0.08258221236230745
0.08231113732837649
0.08203400889407922
0.08175068268963862
0.08146101193194435
0.08116484746903949
0.08086203783419281
0.08055242931044168
0.080235866006518
0.07991218994512887
0.07958124116469403
0.07924285783572156
0.07889687639298852
0.0785431316847032
0.07818145714007428
0.0778116849569166
0.07743364631071692
0.07704717158635227
0.07665209063419412
0.07624823305316093
0.07583542850253916
0.07541350704272058
0.07498229950636846
0.07454163790566161
0.0740913558793887
0.07363128917405268
0.0731612761551452
0.07268115836789708
0.07219078116778666
0.07168999438491547
0.07117865296938197
0.07065661770256461
0.07012375613858576
0.06957994359742141
0.06902506372696404
0.06845900900911923
0.06788168266158215
0.06729300123122162
0.06669289347192352
0.06608129647978868
0.06545816266535184
0.0648234780048184
0.06417724901631988
0.06351944625572675
0.0628500399373232
0.06216920232481099
0.06147723710374349
0.06077386928883722
0.06005834598287032
0.059332011833674994
0.05859849457375678
0.05785419683008533
0.05708560897969193
0.05630538960724775
0.055569833782666445
0.054840603622175174
0.053883815691031706
0.05284138152892702
0.0527013426358464
0.05334277187873584
0.05025131216606813
0.04932594077406169
