0.8270506396778641
0.9118578398332822
0.6916782716584354
0.43190600630538434
0.30254784020100195
0.21233446659176972
0.19357371372943327
0.17024216026770267
0.180114249603662
0.16051672342242
0.1584192888523338
0.14771483400045396
0.1436132788349732
0.1380371015008494
0.1355493799195778
0.13292889084583542
0.13152137830963959
0.12991439415920664
0.12873954498805615
0.12767609472168817
0.12661847809376756
0.12574311685454978
0.12486838230115735
0.12405370165500737
0.12329737924770941
0.12256837390101219
0.12188532887614521
0.12124268739873104
0.12063565323830402
0.12006711792691388
0.11953457720986183
0.11903563449184457
0.11856904276397198
0.11813251325441285
0.11772368338671456
0.11734047807704417
0.11698074738086695
0.11664240330479644
0.11632354023784437
0.11602237970155747
0.11573727082189349
0.1154667120223813
0.11520933829098962
0.11496390791690726
0.1147292971609086
0.11450449101787738
0.11428857224029028
0.11408071249884105
0.11388016426476848
0.11368625275177835
0.11349836865059748
0.1133159617109203
0.11313853488472286
0.11296563901948029
0.11279686813116432
0.11263185518316224
0.11247026830261292
0.11231180740144678
0.11215620116574146
0.11200320437025538
0.11185259548197538
0.11170417452264225
0.11155776116172283
0.11141319301332768
0.11127032411382595
0.11112902355954225
0.1109891742858846
0.11085067197115324
0.11071342405015558
0.11057734882436704
0.1104423746567855
0.11030843924090242
0.11017548893437844
0.11004347814905201
0.1099123687898261
0.10978212973582145
0.10965273635793359
0.10952417006762619
0.10939641789240899
0.10926947207401802
0.10914332968584735
0.10901799226665486
0.10889346546801684
0.10876975871341447
0.10864688486722306
0.10852485991222768
0.10840370263461724
0.10828343431571713
0.10816407842999129
0.1080456603491046
0.10792820705205944
0.10781174684162008
0.10769630906741741
0.10758192385626644
0.10746862185035076
0.10735643395402027
0.10724539109000783
0.10713552396590616
0.10702686285175532
0.10691943736957558
0.10681327629563549
0.10670840737618667
0.10660485715731224
0.1065026508294384
0.1064018120869466
0.10630236300320033
0.10620432392117297
0.10610771335972499
0.1060125479354497
0.10591884229986825
0.10582660909163326
0.10573585890327375
0.10564660026190875
0.1055588396232553
0.10547258137816878
0.10538782787088498
0.10530457942807131
0.1052228343977496
0.10514258919712945
0.10506383836836823
0.10498657464127578
0.10491078900199192
0.10483647076668198
0.10476360765933064
0.10469218589275016
0.10462219025196812
0.104553604179208
0.10448640985973462
0.1044205883078961
0.10435611945275307
0.10429298222274697
0.10423115462892334
0.10417061384628397
0.10411133629290195
0.10405329770648619
0.10399647321813858
0.10394083742309598
0.10388636444829336
0.10383302801662703
0.10378080150783851
0.10372965801597087
0.10367957040338047
0.1036305113513177
0.10358245340711042
0.10353536902800488
0.10348923062174065
0.10344401058394256
0.10339968133243471
0.10335621533858022
0.1033135851557695
0.10327176344517341
0.10323072299889338
0.1031904367606318
0.10315087784401641
0.10311201954870534
0.10307383537440493
0.10303629903292298
0.10299938445838666
0.10296306581574255
0.10292731750766038
0.10289211417995506
0.10285743072563441
0.10282324228768268
0.10278952426068333
0.10275625229137242
0.10272340227822639
0.10269095037016385
0.10265887296445265
0.10262714670389951
0.10259574847340053
0.10256465539592019
0.10253384482797259
0.10250329435466295
0.10247298178434804
0.10244288514297706
0.10241298266815545
0.10238325280298291
0.10235367418971035
0.10232422566324857
0.10229488624457123
0.10226563513403852
0.10223645170467116
0.10220731549540009
0.10217820620431131
0.10214910368190436
0.10211998792437757
0.10209083906695357
0.102061637377251
0.10203236324870807
0.10200299719406207
0.10197351983888243
0.1019439119151563
0.10191415425492165
0.10188422778393882
0.10185411351539461
0.1018237925436253
0.10179324603784529
0.10176245523587235
0.10173140143782575
0.10170006599978781
0.1016684303274071
0.10163647586942498
0.1016041841111084
0.10157153656756601
0.10153851477692899
0.1015051002933767
0.10147127467998314
0.10143701950136871
0.10140231631613103
0.10136714666903998
0.10133149208297058
0.10129533405056068
0.10125865402557031
0.10122143341392373
0.10118365356441955
0.10114529575908779
0.1011063412031808
0.10106677101477904
0.10102656621399952
0.10098570771179191
0.10094417629830765
0.10090195263083121
0.10085901722126121
0.10081535042313189
0.10077093241816265
0.10072574320232862
0.10067976257144423
0.10063297010624984
0.100585345156999
0.10053686682753663
0.10048751395886586
0.10043726511219775
0.10038609855148117
0.10033399222541059
0.10028092374890885
0.10022687038408302
0.10017180902065563
0.10011571615586726
0.10005856787385589
0.10000033982450765
0.09994100720178914
0.09988054472155677
0.09981892659885061
0.0997561265246732
0.09969211764226113
0.09962687252284938
0.09956036314093888
0.09949256084906799
0.09942343635209892
0.0993529596810208
0.09928110016627922
0.09920782641064041
0.09913310626159555
0.09905690678331446
0.0989791942281564
0.09889993400774942
0.09881909066364163
0.09873662783753978
0.09865250824113947
0.0985666936255605
0.09847914475039267
0.09838982135236282
0.09829868211363343
0.09820568462974054
0.09811078537717707
0.09801393968063389
0.09791510167989714
0.0978142242964153
0.09771125919953368
0.09760615677240041
0.09749886607754231
0.09738933482210156
0.09727750932273238
0.09716333447013394
0.09704675369321072
0.09692770892282158
0.09680614055508918
0.09668198741421766
0.0965551867147649
0.09642567402329007
0.09629338321929268
0.09615824645532536
0.09602019411615145
0.0958791547767927
0.09573505515927688
0.09558782008786854
0.09543737244252602
0.09528363311029074
0.09512652093427262
0.09496595265984951
0.09480184287764723
0.09463410396280833
0.09446264601001222
0.09428737676364825
0.09410820154249235
0.09392502315817763
0.0937377418266907
0.09354625507207909
0.09335045762151133
0.09315024129080375
0.09294549485949148
0.09273610393449587
0.09252195080144049
0.09230291426267814
0.0920788694611399
0.09184968768916191
0.09161523618148315
0.09137537789168064
0.09112997125140904
0.09087886991198334
0.09062192246799086
0.0903589721627214
0.09008985657527367
0.08981440728935063
0.08953244954404468
0.0892438018672317
0.08894827569226804
0.08864567495849662
0.08833579569595329
0.0880184255951553
0.08769334356381873
0.08736031927266934
0.08701911269119317
0.08666947361220252
0.08631114116471794
0.08594384331961868
0.08556729639708731
0.0851812045797658
0.08478525941974585
0.08437913932058151
0.08396250900406671
0.08353501902292865
0.08309630537584049
0.0826459891502423
0.08218367596917822
0.08170895516864725
0.08122139921570108
0.08072056422124049
0.08020599124456815
0.07967720562671898
0.07913371170566076
0.07857498765700066
0.07800049465527205
0.0774097044126337
0.0768021057354204
0.07617712472733817
0.07553400128235252
0.07487190045370525
0.07419048860999804
0.07349029992650989
0.07277113756121988
0.07202859858709434
0.07125550490668407
0.07045737819368073
0.06966742639465452
0.06890429711361011
0.06805360580153191
0.06688022883115108
0.06561263881561434
0.06554006663513823
0.0677269887830282
0.06914730612935348
0.0592068544781003
0.10238383781056884
0.3176047868234392
0.42786436250586385
0.699297056156276
0.13573688962130526
0.17801314333417134
0.3064992379777067
0.2325473341094897
0.26076768907326564
0.3297462405674165
0.47046581227998724
0.9255052218987186
0.5996310162634876
0.16771907436022587
0.3816563135228619
0.6305987268995634
0.3568716529881462
0.32741315068522225
0.43958883197746257
0.2520504652431111
0.14527483162325183
0.182229810388907
0.11029229034710562
0.10089600195919149
0.09740137065830737
0.100605463921075
0.09722349074557657
0.093298314932106
0.08802333403143953
0.08667520736211677
0.08290014317226091
0.0777889061856555
0.07402752527334797
0.07245605688167209
0.07116963677541296
0.06904739522460909
0.0666272048857111
0.06707793825394372
0.06825925745468048
0.06506045878489833
0.06062910701884805
0.07089206805981302
0.09175345440777141
0.07446304546408879
0.0983588516125612
0.24157958308856026
0.37281076017050363
0.5180258581695848
0.12649892195903314
0.40879952691124366
0.6282782010758076
0.40878397455028875
0.2849514322802958
0.15889702747548512
0.26454617481390824
0.36636139188725836
0.1990901757680068
0.11578724131826972
0.1197470583702521
0.10021579993964633
0.09877492284784264
0.09685826466699828
0.09260559521030554
0.09323503594940759
0.09207733814076044
0.09083921362340552
0.09091860968063502
0.09022104130025418
0.08941029704135413
0.08913401459155595
0.08853167651597033
0.08786114168435072
0.08737166135442456
0.08673890776079679
0.08603891978470771
0.08537237862307498
0.08461923381953837
0.08377864986268418
0.0828753084180141
0.0818583655793157
0.08069330779612445
0.0793531805313557
0.07778856322846533
0.07594402606777949
0.073776664516112
0.07128716592909126
0.06857345125805805
0.06588745408585998
0.06359998877182049
0.06197325299334424
0.06091717847464585
0.06007520683873922
0.05917723061144889
0.05826723709144403
0.05745835417737744
0.05658543685945555
0.055485119079873524
0.05453379628052225
0.05401115163293542
0.053210202751944
0.05147818207939231
0.050728133037291914
0.05181407246258932
0.05128737885921015
0.04585800990008302
