0.6965799988709396
0.5786111723458829
0.44737575259657353
0.316032566003619
0.24053199513932608
0.2608938639571304
0.22781069117278016
0.21590335086722462
0.20928317880537453
0.19817444336591536
0.1915573953282265
0.18591119085183985
0.18068218485371437
0.17724234154549964
0.17393640656367165
0.17139047148854114
0.16889852231337532
0.16661491585842647
0.16432193266686113
0.16207494392490504
0.1598128317229905
0.15756781996158642
0.15532563626554735
0.15311024886018496
0.15092503544339367
0.14878982838696234
0.1467142728604058
0.14471352853400493
0.14279668041949983
0.14097297090485164
0.13924738072821224
0.13762302935225557
0.1360999430932353
0.1346761200888646
0.13334754525896741
0.13210883909608293
0.13095363410289637
0.1298750407442656
0.12886600943571822
0.12791963068051362
0.1270293554774497
0.12618913648053642
0.12539350696247603
0.12463760492721383
0.12391716063466084
0.12322845800054633
0.1225682821269696
0.12193386065041002
0.12132280516686647
0.12073305641837442
0.12016283538038501
0.11961060106718875
0.11907501500981671
0.11855491184069605
0.11804927514481567
0.11755721766194793
0.11707796495974682
0.11661084180342146
0.11615526058013462
0.11571071127156603
0.11527675259163934
0.11485300401017795
0.1144391384663305
0.11403487563850023
0.11363997568364662
0.1132542333912955
0.11287747271992457
0.11250954169830622
0.11215030768418481
0.11179965297895961
0.11145747080089403
0.11112366162149834
0.11079812987045652
0.11048078101402055
0.11017151901025893
0.10987024414200999
0.10957685122498109
0.10929122818430467
0.10901325498823541
0.10874280292283037
0.10847973418664553
0.10822390178003753
0.10797514965979027
0.10773331312674131
0.1074982194119753
0.10726968842609899
0.10704753363607146
0.10683156303504529
0.10662158017250449
0.10641738521456927
0.10621877600748066
0.10602554912079437
0.10583750085055803
0.10565442816650378
0.10547612959098293
0.1053024060008218
0.10513306134644759
0.1049679032854413
0.10480674373008049
0.10464939931045636
0.1044956917563522
0.10434544820231975
0.10419850142128462
0.10405468999261064
0.10391385841088527
0.10377585714181346
0.10364054263153458
0.10350777727549332
0.10337742935268522
0.10324937293072177
0.10312348774674121
0.1029996590687399
0.10287777754143929
0.10275773902035326
0.10263944439727873
0.1025227994200218
0.10240771450877478
0.10229410457121368
0.10218188881804326
0.10207099058044139
0.10196133713057814
0.10185285950615966
0.10174549233974459
0.10163917369340092
0.101533844899123
0.10142945040529469
0.10132593762937804
0.10122325681691473
0.10112136090684583
0.10102020540310205
0.10091974825235565
0.10081994972779422
0.1007207723187361
0.10062218062589384
0.10052414126206528
0.10042662275802533
0.10032959547338302
0.10023303151216523
0.1001369046428884
0.10004119022287931
0.09994586512661342
0.09985090767784166
0.0997562975852877
0.09966201588169946
0.09956804486605131
0.09947436804870224
0.09938097009932045
0.09928783679739744
0.09919495498518283
0.09910231252287795
0.09900989824593681
0.09891770192433448
0.0988257142236602
0.09873392666791651
0.09864233160389788
0.09855092216703909
0.09845969224862706
0.09836863646427657
0.0982777501235757
0.09818702920081444
0.09809647030671585
0.09800607066108921
0.09791582806633833
0.0978257408817553
0.09773580799853762
0.0976460288154708
0.09755640321522431
0.09746693154120707
0.09737761457494092
0.09728845351390446
0.09719944994981279
0.09711060584729221
0.09702192352292151
0.0969334056246085
0.09684505511127224
0.09675687523281268
0.09666886951034025
0.0965810417166516
0.0964933958569342
0.09640593614968365
0.09631866700782671
0.09623159302003824
0.09614471893224742
0.09605804962932672
0.0959715901169639
0.0958853455037139
0.09579932098323492
0.09571352181670895
0.09562795331545465
0.09554262082373734
0.09545752970178446
0.09537268530901684
0.09528809298750567
0.09520375804566643
0.09511968574220497
0.09503588127032758
0.09495234974222995
0.09486909617388156
0.09478612547012093
0.09470344241007564
0.0946210516329293
0.09453895762404622
0.09445716470147479
0.0943756770028443
0.09429449847267232
0.09421363285009991
0.09413308365706832
0.09405285418695522
0.09397294749368176
0.09389336638130852
0.09381411339412854
0.09373519080727413
0.09365660061784467
0.09357834453656771
0.09350042398000234
0.09342284006328867
0.09334559359345516
0.0932686850632847
0.09319211464574306
0.09311588218897418
0.09303998721186182
0.0929644289001542
0.09288920610315572
0.09281431733097362
0.09273976075232429
0.09266553419288312
0.09259163513417898
0.09251806071301635
0.09244480772142197
0.09237187260709952
0.09229925147438058
0.09222694008566111
0.09215493386330403
0.09208322789199656
0.09201181692154098
0.09194069537006799
0.09186985732764623
0.09179929656027654
0.09172900651424663
0.09165898032082999
0.09158921080130536
0.09151969047227793
0.09145041155128301
0.09138136596264734
0.0913125453435904
0.09124394105054326
0.09117554416566415
0.0911073455035298
0.09103933561798211
0.09097150480910979
0.090903843130345
0.0908363403956544
0.09076898618680722
0.09070176986069936
0.0906346805567185
0.09056770720412688
0.09050083852945222
0.09043406306386338
0.09036736915051866
0.09030074495187174
0.09023417845691883
0.09016765748837217
0.0901011697097526
0.09003470263238011
0.08996824362225879
0.08990177990683804
0.08983529858164427
0.08976878661677196
0.08970223086322147
0.08963561805908125
0.08956893483553977
0.08950216772272236
0.08943530315534651
0.08936832747818774
0.08930122695134707
0.08923398775531942
0.08916659599585139
0.08909903770858629
0.08903129886348897
0.08896336536904687
0.08889522307623837
0.0888268577822681
0.08875825523405806
0.08868940113149346
0.08862028113041504
0.08855088084535073
0.08848118585198353
0.08841118168934534
0.08834085386173052
0.08827018784032302
0.08819916906452398
0.08812778294297781
0.08805601485427995
0.08798385014736086
0.0879112741415341
0.08783827212619551
0.0877648293601623
0.08769093107064069
0.08761656245180478
0.08754170866297674
0.08746635482638902
0.08739048602451976
0.08731408729697777
0.08723714363692901
0.08715963998704336
0.08708156123494808
0.08700289220817284
0.08692361766856758
0.08684372230618248
0.08676319073259287
0.08668200747365709
0.08660015696169567
0.08651762352708157
0.08643439138922988
0.08635044464698564
0.08626576726840207
0.08618034307990766
0.0860941557548639
0.08600718880151972
0.08591942555036852
0.08583084914092005
0.08574144250790341
0.08565118836692123
0.08556006919957662
0.08546806723810467
0.08537516444953994
0.08528134251945625
0.08518658283532315
0.08509086646952238
0.08499417416207816
0.0848964863031541
0.08479778291537281
0.08469804363602593
0.08459724769923055
0.08449537391810881
0.08439240066705099
0.08428830586413594
0.08418306695378308
0.08407666088970035
0.0839690641182031
0.08386025256197271
0.08375020160431879
0.08363888607401311
0.08352628023075169
0.08341235775130539
0.08329709171640735
0.08318045459842516
0.0830624182498592
0.08294295389269785
0.08282203210866179
0.08269962283035409
0.08257569533333375
0.08245021822911466
0.08232315945909582
0.08219448628941134
0.08206416530669
0.08193216241470247
0.08179844283187301
0.08166297108962534
0.08152571103152796
0.08138662581319861
0.08124567790292948
0.08110282908298701
0.08095804045154004
0.08081127242517339
0.08066248474193624
0.0805116364648828
0.08035868598606088
0.0802035910309046
0.08004630866299703
0.07988679528916277
0.07972500666486404
0.07956089789987447
0.07939442346420555
0.07922553719427874
0.07905419229933108
0.07888034136805125
0.0787039363754553
0.07852492869001237
0.0783432690810395
0.07815890772639364
0.07797179422049519
0.0777818775827222
0.07758910626622861
0.07739342816723833
0.07719479063488303
0.07699314048165042
0.07678842399452471
0.07658058694690159
0.07636957461136941
0.07615533177345903
0.07593780274645918
0.07571693138741915
0.07549266111444684
0.07526493492543246
0.07503369541832543
0.07479888481309953
0.0745604449755489
0.0743183174430625
0.07407244345252667
0.0738227639705174
0.07356921972594323
0.073311751245305
0.0730502988907497
0.0727848029010893
0.07251520343597428
0.07224144062339848
0.07196345461073109
0.07168118561946601
0.07139457400388541
0.07110356031383183
0.07080808536179717
0.07050809029451979
0.07020351666930014
0.06989430653523449
0.06958040251956903
0.06926174791936943
0.06893828679871054
0.06860996409157234
0.06827672571063272
0.06793851866213403
0.06759529116700148
0.06724699278836893
0.06689357456566165
0.06653498915538018
0.06617119097869087
0.06580213637593585
0.06542778376813035
0.06504809382551135
0.06466302964315865
0.06427255692368385
0.06387664416695801
0.0634752628667948
0.0630683877144803
0.06265599680898636
0.06223807187365959
0.06181459847912668
0.06138556627209378
0.0609509692096636
0.060510805798725496
0.06006507933990387
0.05961379817547034
0.05915697594056796
0.05869463181698682
0.05822679078866255
0.05775348389797511
0.057274748501848424
0.05679062852652557
0.05630117471982101
0.05580644489957415
0.055306504196904055
0.054801425292739264
0.05429128864607339
0.05377618271232801
0.053256204149970385
0.05273145801349897
0.05220205793108118
0.05166812626487666
0.05112979425159146
0.05058720212140828
0.05004049919397838
0.0494898439484846
