2.4336071054046284
2.221466671261677
2.1783938935803047
2.1048947662785125
2.142943459963464
2.1978495666771196
1.8814930871178959
2.0578388296207057
1.9102143626380212
2.319210020254722
1.9948213963891561
1.963754150894633
1.9479544028380609
2.1102619392167217
2.2414537419204983
1.4666993668302162
1.7713797770592739
1.4659978595422896
1.6404589553199487
1.2207546688605302
1.1386139108681634
1.2125702376993366
0.9560317681837733
0.848817269071509
0.5956893260731467
0.6643655707204992
0.40577119738355516
0.3510847032120371
0.2035321825535394
0.13340071104702203
0.09773194517182887
0.06788214671435822
0.048284653297292514
