1.5881485662200476
0.32948873003833046
0.44796263398480335
0.365805663233462
0.27789394096700293
0.27794966568355706
0.2851559272920006
0.2669640430145326
0.25163204002043066
0.24462842840232638
0.23366414151233128
0.22147728017696688
0.2115172456451785
0.2025042153856304
0.19448895833570845
0.18806757222706635
0.18295892972557698
0.17886471013659694
0.17558927752526746
0.17292234744221816
0.17067747476585562
0.16872069416748348
0.16695564549711456
0.16530202507453803
0.16370604160304805
0.162133707259059
0.16056234043551054
0.15898138089522218
0.15738787286850991
0.15578353573411283
0.15417382989187325
0.15256613961799628
0.15096882070970472
0.1493906107005265
0.14783998103124252
0.14632474531484244
0.14485174901670614
0.14342661867729448
0.14205363099185678
0.1407356689429289
0.13947426648095915
0.1382697355243732
0.13712134722826888
0.1360275447662372
0.13498616363208574
0.1339946380857041
0.13305018046277617
0.13214992604205938
0.13129104177440817
0.13047080157580004
0.12968663313589177
0.12893614220289598
0.1282171202900346
0.12752754103952166
0.12686554952849866
0.12622944778400608
0.12561767883525146
0.12502881085517947
0.12446152233585969
0.12391458879707365
0.12338687122135822
0.12287730621049417
0.12238489774129313
0.12190871033850809
0.12144786346054681
0.12100152689536661
0.12056891697925028
0.12014929347319353
0.11974195695593998
0.11934624661657933
0.11896153835156212
0.11858724309029386
0.11822280528992081
0.11786770155360797
0.11752143933775562
0.11718355572252974
0.11685361622711377
0.11653121365654556
0.11621596697116746
0.1159075201728485
0.11560554120444944
0.1153097208606717
0.11501977170961994
0.11473542702521641
0.11445643973115469
0.11418258135742151
0.11391364101062465
0.11364942435948043
0.11338975263686243
0.11313446165984195
0.11288340086913584
0.11263643238937676
0.11239343011160824
0.11215427879939399
0.1119188732199281
0.11168711730152282
0.11145892331884273
0.11123421110724141
0.11101290730753398
0.11079494464249907
0.11058026122635725
0.11036879990839463
0.11016050765181201
0.10995533494875734
0.10975323527236384
0.10955416456644587
0.10935808077332662
0.10916494340005965
0.1089747131230879
0.10878735143115753
0.10860282030605414
0.10842108194049441
0.1082420984922662
0.10806583187347801
0.10789224357355973
0.10772129451445943
0.10755294493629727
0.10738715431158524
0.10722388128599192
0.10706308364353213
0.10690471829399362
0.10674874128036974
0.10659510780405793
0.10644377226560282
0.10629468831880215
0.10614780893606122
0.10600308648297442
0.105860472800206
0.10571991929087665
0.10558137701178087
0.10544479676690761
0.10531012920188076
0.10517732489807739
0.10504633446533915
0.10491710863232756
0.10478959833371868
0.10466375479356801
0.1045395296042997
0.10441687480089665
0.10429574292997279
0.10417608711351392
0.10405786110715556
0.10394101935295513
0.10382551702667514
0.1037113100796645
0.10359835527546761
0.10348661022133968
0.10337603339487661
0.10326658416600057
0.10315822281455637
0.10305091054379407
0.10294460949002028
0.10283928272870474
0.10273489427733067
0.1026314090952744
0.10252879308099347
0.10242701306679404
0.10232603681144153
0.10222583299086059
0.10212637118716646
0.10202762187624768
0.10192955641411243
0.10183214702219354
0.10173536677179446
0.10163918956784179
0.10154359013210097
0.10144854398599178
0.10135402743313271
0.10126001754172946
0.10116649212690794
0.10107342973308536
0.1009808096164592
0.10088861172768758
0.10079681669481849
0.10070540580652587
0.10061436099569698
0.10052366482340594
0.10043330046331181
0.10034325168649878
0.10025350284678627
0.10016403886651713
0.10007484522284002
0.09998590793448826
0.09989721354905887
0.09980874913079288
0.09972050224885057
0.09963246096607545
0.09954461382824072
0.09945694985376341
0.09936945852387728
0.09928212977324563
0.09919495398100196
0.09910792196219867
0.09902102495964563
0.09893425463612024
0.09884760306692682
0.09876106273278429
0.09867462651302278
0.09858828767906302
0.09850203988815752
0.09841587717737046
0.09832979395777071
0.0982437850088172
0.09815784547290798
0.09807197085007364
0.09798615699278637
0.09790040010086318
0.09781469671643833
0.09772904371897997
0.09764343832032889
0.09755787805973408
0.09747236079886362
0.09738688471676632
0.09730144830476559
0.09721605036125912
0.09713068998640903
0.0970453665766983
0.0969600798193384
0.0968748296865074
0.09678961642940406
0.09670444057210106
0.0966193029051862
0.09653420447917466
0.09644914659768647
0.09636413081037618
0.09627915890560981
0.09619423290288245
0.09610935504497367
0.09602452778983758
0.09593975380223166
0.09585503594508292
0.09577037727059896
0.09568578101113079
0.09560125056979575
0.09551678951087389
0.09543240154998865
0.0953480905440914
0.09526386048126465
0.0951797154703673
0.09509565973054006
0.09501169758059791
0.09492783342833429
0.09484407175976298
0.09476041712832838
0.09467687414410991
0.09459344746305606
0.094510141776275
0.09442696179941551
0.09434391226217163
0.09426099789793975
0.09417822343366274
0.09409559357989368
0.09401311302110615
0.09393078640628463
0.09384861833982218
0.09376661337275274
0.09368477599434483
0.0936031106240785
0.09352162160403044
0.09344031319168293
0.09335918955317808
0.09327825475703055
0.09319751276830882
0.09311696744329931
0.09303662252465711
0.09295648163704773
0.09287654828328257
0.09279682584094748
0.09271731755951805
0.09263802655795933
0.09255895582279644
0.09248010820664962
0.0924014864272171
0.09232309306669252
0.09224493057159823
0.09216700125301626
0.09208930728719787
0.09201185071652704
0.0919346334508174
0.09185765726891941
0.091780923820612
0.0917044346287539
0.09162819109167167
0.09155219448575744
0.09147644596825229
0.09140094658019013
0.09132569724947917
0.09125069879409595
0.09117595192537029
0.09110145725133914
0.0910272152801473
0.09095322642347706
0.09087949099998634
0.09080600923873976
0.09073278128261328
0.09065980719166242
0.09058708694643475
0.09051462045121966
0.09044240753721922
0.09037044796563637
0.09029874143066621
0.09022728756238699
0.0901560859295428
0.09008513604221496
0.09001443735437556
0.08994398926632284
0.0898737911269951
0.0898038422361625
0.0897341418464966
0.08966468916551813
0.0895954833574233
0.08952652354479324
0.08945780881018478
0.08938933819760755
0.08932111071389291
0.08925312532995254
0.08918538098193575
0.0891178765722873
0.08905061097070889
0.08898358301503173
0.08891679151200105
0.08885023523797958
0.08878391293957455
0.08871782333418862
0.08865196511050588
0.08858633692891088
0.08852093742184969
0.08845576519413308
0.08839081882318876
0.08832609685926614
0.08826159782559488
0.08819732021850435
0.0881332625075041
0.08806942313533093
0.08800580051796403
0.08794239304461174
0.08787919907767264
0.08781621695267225
0.08775344497818066
0.08769088143570908
0.08762852457959132
0.08756637263684891
0.08750442380704401
0.0874426762621201
0.08738112814623264
0.08731977757557105
0.08725862263817269
0.08719766139373081
0.08713689187339699
0.0870763120795789
0.08701591998573403
0.08695571353616177
0.08689569064579224
0.08683584919997375
0.08677618705425977
0.08671670203419546
0.08665739193510358
0.08659825452187167
0.0865392875287403
0.08648048865909132
0.08642185558523913
0.08636338594822386
0.08630507735760515
0.08624692739126001
0.08618893359518298
0.08613109348328862
0.08607340453721754
0.08601586420614651
0.08595846990659992
0.08590121902226697
0.08584410890382224
0.08578713686874877
0.08573030020116737
0.08567359615166792
0.08561702193714699
0.08556057474064843
0.08550425171120885
0.08544804996370772
0.0853919665787231
0.08533599860238927
0.0852801430462624
0.08522439688718898
0.08516875706718005
0.08511322049328943
0.08505778403749688
0.08500244453659744
0.08494719879209346
0.08489204357009325
0.08483697560121269
0.08478199158048315
0.08472708816726279
0.08467226198515296
0.0846175096219181
0.08456282762941061
0.08450821252349926
0.08445366078400206
0.08439916885462154
0.08434473314288515
0.08429035002008733
0.08423601582123552
0.08418172684499822
0.08412747935365686
0.08407326957305757
0.08401909369256699
0.08396494786502855
0.08391082820671975
0.0838567307973111
0.0838026516798251
0.08374858686059472
0.0836945323092227
0.08364048395853987
0.08358643770456153
0.08353238940644334
0.08347833488643469
0.08342426992983039
0.08337019028491768
0.0833160916629228
0.08326196973795118
0.08320782014692482
0.08315363848951515
0.08309942032806927
0.08304516118753213
0.0829908565553632
0.08293650188144296
0.0828820925779776
0.08282762401939196
0.08277309154221746
0.08271849044496897
0.08266381598801606
0.08260906339344186
0.08255422784489516
0.08249930448743004
0.08244428842733695
0.08238917473196197
0.08233395842951421
0.082278634508864
0.08222319791932657
0.08216764357043543
0.08211196633170181
0.08205616103236166
0.08200022246111145
0.08194414536582692
0.08188792445327217
0.08183155438879122
0.08177502979598941
0.0817183452563973
0.08166149530912253
0.08160447445048605
0.08154727713364397
0.08148989776819578
0.0814323307197761
0.08137457030963371
0.0813166108141939
0.08125844646460839
0.08120007144628799
0.0811414798984226
0.08108266591348588
0.0810236235367265
0.0809643467656424
0.08090482954944464
0.0808450657885043
0.08078504933378745
0.08072477398627557
0.08066423349637271
0.08060342156330065
0.08054233183448034
0.08048095790490087
0.08041929331647789
0.0803573315573976
0.08029506606145227
0.0802324902073628
0.0801695973180927
0.08010638066014933
0.08004283344287803
0.07997894881774607
0.07991471987761792
0.07985013965602249
0.07978520112641294
0.07971989720141995
0.07965422073209688
0.07958816450716139
0.07952172125222952
0.07945488362904721
0.07938764423471606
0.07931999560091697
0.07925193019313059
0.07918344040985549
0.07911451858182558
0.07904515697122688
0.07897534777091386
0.07890508310362739
0.07883435502121358
0.07876315550384579
0.07869147645924869
0.07861930972192775
0.07854664705240186
0.07847348013644292
0.07839980058432093
0.07832559993005572
0.07825086963067968
0.07817560106550472
0.07809978553540348
0.07802341426209858
0.07794647838746399
0.07786896897283943
0.07779087699835771
0.07771219336228657
0.07763290888038528
0.07755301428527833
0.07747250022584529
0.07739135726662963
0.07730957588726681
0.07722714648193069
0.07714405935880425
0.0770603047395693
0.07697587275892107
0.07689075346410777
0.07680493681449314
0.07671841268114753
0.0766311708464662
0.07654320100381441
0.07645449275720599
0.07636503562100846
0.07627481901968375
0.07618383228756044
0.07609206466864159
0.07599950531644657
0.07590614329389311
0.07581196757321405
0.0757169670359167
0.07562113047278142
0.07552444658390367
0.07542690397877935
0.07532849117643592
0.07522919660560935
0.07512900860497088
0.0750279154234024
0.07492590522032384
0.07482296606607383
0.07471908594234503
0.0746142527426763
0.07450845427300344
0.07440167825226984
0.07429391231309965
0.07418514400253547
0.07407536078284202
0.07396455003237892
0.07385269904654262
0.07373979503878335
0.07362582514169584
0.07351077640818816
0.07339463581273102
0.07327739025269014
0.07315902654974264
0.0730395314513842
0.07291889163252503
0.0727970936971812
0.0726741241802631
0.0725499695494638
0.07242461620725096
0.07229805049296675
0.07217025868503626
0.07204122700329234
0.07191094161141567
0.07177938861949763
0.07164655408672921
0.07151242402421694
0.07137698439793452
0.07124022113181117
0.07110212011096116
0.07096266718506136
0.0708218481718781
0.0706796488609502
0.07053605501743171
0.07039105238610018
0.07024462669553341
0.07009676366246263
0.06994744899630335
0.06979666840387214
0.06964440759429279
0.06949065228409747
0.06933538820252812
0.06917860109704226
0.06902027673903058
0.06886040092975017
0.06869895950647664
0.06853593834888613
0.06837132338566475
0.06820510060135726
0.06803725604345635
0.0678677758297368
0.06769664615584442
0.06752385330313776
0.06734938364679169
0.06717322366416756
0.06699535994344984
0.06681577919255954
0.06663446824834315
0.06645141408604273
0.06626660382905264
0.06608002475896096
0.06589166432588468
0.06570151015909552
0.0655095500779425
0.06531577210307218
0.06512016446794551
0.06492271563065669
0.06472341428605134
0.06452224937814505
0.06431921011284192
0.06411428597095362
0.06390746672151465
0.06369874243539489
0.06348810349920565
0.06327554062949574
0.06306104488723355
0.06284460769257322
0.06262622083989693
0.06240587651312875
0.06218356730131379
0.06195928621445547
0.06173302669960213
0.06150478265717502
0.06127454845752866
0.06104231895773056
0.06080808951855293
0.06057185602166079
0.060333614886985146
0.06009336309026776
0.05985109818076083
0.0596068182990679
0.0593605221951069
0.05911220924618055
0.05886187947513237
0.05860953356856889
0.05835517289513115
0.05809879952378649
0.0578404162421252
0.0575800265746326
0.057317634800912884
0.057053245973840844
0.056786865937610634
0.056518501345654386
0.05624815967840333
0.055975849260857066
0.055701579279931274
0.05542535980155105
0.05514720178745547
0.0548671171116782
0.05458511857666683
0.054301219929007716
0.05401543587471129
0.053727782094026975
0.05343827525573909
0.053146933030909935
0.052853774106021906
0.05255881819547999
0.05226208605343097
0.05196359948484994
0.05166338135585802
0.051361455603216526
0.05105784724295868
0.05075258237811081
0.05044568820545205
0.05013719302127516
0.049827126226093046
