0.4856307488279277
0.5190201846149589
0.5190507240868802
0.5188824438951323
0.5187536919481859
0.5186541308357907
0.5185753448728867
0.5185113191040366
0.5184577649493122
0.518411628918549
0.5183707396853983
0.5183335551606439
0.5182989815547531
0.5182662441239875
0.5182347949455751
0.5182042471804786
0.5181743282593932
0.5181448465738804
0.5181156677973457
0.5180866980671626
0.5180578720516511
0.5180291444923487
0.5180004842168827
0.5179718699068206
0.5179432871110599
0.5179147261423367
0.517886180599189
0.5178576463303147
0.5178291207113694
0.517800602142034
0.5177720896980396
0.5177435828919319
0.5177150815099081
0.5176865855016726
0.5176580949070808
0.5176296098081654
0.5176011302985484
0.5175726564646612
0.5175441883748857
0.5175157260739325
0.5174872695806072
0.5174588188877017
0.5174303739631608
0.5174019347519547
0.5173735011782867
0.5173450731478968
0.517316650550315
0.5172882332609812
0.517259821143185
0.5172314140498079
0.5172030118248657
0.5171746143048613
0.5171462213199588
0.517117832694998
0.517089448250365
0.517061067802737
0.5170326911657163
0.5170043181503694
0.5169759485656833
0.5169475822189513
0.5169192189160994
0.5168908584619596
0.5168625006605017
0.516834145315027
0.5168057922283317
0.5167774412028414
0.5167490920407279
0.516720744544003
0.516692398514598
0.5166640537544318
0.5166357100654649
0.5166073672497457
0.5165790251094483
0.5165506834469056
0.5165223420646328
0.5164940007653511
0.5164656593520041
0.5164373176277719
0.5164089753960839
0.5163806324606263
0.5163522886253508
0.5163239436944795
0.5162955974725103
0.5162672497642196
0.5162389003746641
0.5162105491091837
0.5161821957734014
0.5161538401732243
0.5161254821148429
0.5160971214047319
0.5160687578496475
0.5160403912566285
0.5160120214329937
0.5159836481863411
0.515955271324546
0.515926890655759
0.5158985059884058
0.515870117131183
0.5158417238930584
0.5158133260832672
0.5157849235113109
0.5157565159869552
0.5157281033202277
0.5156996853214157
0.5156712618010644
0.5156428325699742
0.5156143974391988
0.5155859562200429
0.5155575087240605
0.515529054763052
0.5155005941490625
0.5154721266943789
0.5154436522115292
0.5154151705132782
0.5153866814126273
0.5153581847228111
0.5153296802572951
0.5153011678297746
0.5152726472541717
0.515244118344633
0.5152155809155285
0.5151870347814478
0.5151584797571991
0.5151299156578069
0.5151013422985101
0.5150727594947585
0.5150441670622128
0.5150155648167405
0.5149869525744148
0.5149583301515126
0.5149296973645119
0.5149010540300897
0.5148723999651206
0.5148437349866739
0.5148150589120116
0.5147863715585873
0.5147576727440426
0.5147289622862066
0.5147002400030924
0.5146715057128962
0.5146427592339948
0.5146140003849434
0.5145852289844737
0.5145564448514922
0.5145276478050776
0.5144988376644795
0.5144700142491155
0.5144411773785703
0.5144123268725928
0.5143834625510942
0.5143545842341468
0.5143256917419813
0.5142967848949846
0.5142678635136992
0.5142389274188196
0.514209976431191
0.5141810103718084
0.5141520290618125
0.5141230323224898
0.5140940199752695
0.5140649918417224
0.5140359477435581
0.514006887502624
0.5139778109409023
0.5139487178805092
0.513919608143693
0.5138904815528311
0.5138613379304292
0.5138321770991188
0.5138029988816561
0.5137738031009197
0.5137445895799078
0.5137153581417384
0.5136861086096458
0.5136568408069795
0.5136275545572019
0.513598249683887
0.5135689260107184
0.5135395833614875
0.5135102215600914
0.513480840430532
0.5134514397969124
0.5134220194834378
0.513392579314411
0.5133631191142323
0.5133336387073972
0.5133041379184952
0.5132746165722066
0.5132450744933026
0.513215511506642
0.5131859274371706
0.513156322109919
0.5131266953500003
0.5130970469826095
0.5130673768330211
0.5130376847265873
0.5130079704887366
0.5129782339449719
0.5129484749208693
0.5129186932420753
0.5128888887343064
0.5128590612233466
0.5128292105350462
0.512799336495319
0.5127694389301427
0.5127395176655554
0.5127095725276543
0.5126796033425951
0.512649609936589
0.5126195921359018
0.5125895497668522
0.5125594826558098
0.5125293906291939
0.5124992735134714
0.5124691311351562
0.5124389633208062
0.5124087698970229
0.5123785506904484
0.5123483055277653
0.5123180342356946
0.5122877366409933
0.5122574125704538
0.5122270618509022
0.512196684309196
0.5121662797722231
0.5121358480669009
0.5121053890201728
0.5120749024590083
0.5120443882104014
0.5120138461013679
0.5119832759589449
0.5119526776101886
0.5119220508821734
0.5118913956019895
0.5118607115967425
0.5118299986935505
0.511799256719544
0.5117684855018629
0.5117376848676566
0.5117068546440808
0.5116759946582973
0.5116451047374718
0.5116141847087725
0.5115832343993691
0.5115522536364305
0.5115212422471236
0.5114902000586122
0.5114591268980547
0.5114280225926037
0.5113968869694036
0.5113657198555892
0.511334521078285
0.5113032904646028
0.5112720278416405
0.5112407330364811
0.5112094058761905
0.5111780461878166
0.5111466537983879
0.5111152285349109
0.5110837702243705
0.5110522786937272
0.5110207537699156
0.510989195279844
0.5109576030503922
0.5109259769084098
0.5108943166807154
0.510862622194095
0.5108308932753003
0.5107991297510476
0.5107673314480158
0.5107354981928459
0.5107036298121387
0.5106717261324538
0.5106397869803083
0.5106078121821747
0.5105758015644806
0.5105437549536058
0.5105116721758827
0.5104795530575932
0.5104473974249683
0.5104152051041864
0.5103829759213716
0.5103507097025931
0.5103184062738627
0.5102860654611345
0.5102536870903027
0.5102212709872005
0.5101888169775984
0.5101563248872036
0.5101237945416581
0.5100912257665365
0.5100586183873463
0.5100259722295248
0.5099932871184396
0.5099605628793851
0.5099277993375825
0.5098949963181778
0.5098621536462413
0.5098292711467649
0.5097963486446617
0.5097633859647642
0.5097303829318233
0.5096973393705061
0.5096642551053955
0.5096311299609879
0.509597963761693
0.5095647563318308
0.5095315074956321
0.5094982170772353
0.5094648849006862
0.5094315107899363
0.5093980945688413
0.5093646360611599
0.5093311350905518
0.509297591480578
0.509264005054697
0.5092303756362657
0.5091967030485363
0.5091629871146556
0.5091292276576641
0.5090954245004942
0.509061577465968
0.5090276863767973
0.5089937510555815
0.5089597713248061
0.5089257470068417
0.5088916779239425
0.5088575638982447
0.5088234047517649
0.5087892003063997
0.5087549503839235
0.5087206548059866
0.5086863133941154
0.5086519259697095
0.5086174923540412
0.5085830123682532
0.5085484858333585
0.5085139125702378
0.5084792923996388
0.5084446251421745
0.5084099106183215
0.5083751486484195
0.5083403390526688
0.5083054816511299
0.5082705762637213
0.5082356227102183
0.5082006208102519
0.5081655703833068
0.5081304712487206
0.508095323225682
0.5080601261332292
0.508024879790249
0.5079895840154749
0.507954238627486
0.5079188434447053
0.5078833982853979
0.5078479029676708
0.50781235730947
0.50777676112858
0.5077411142426216
0.5077054164690515
0.5076696676251595
0.5076338675280683
0.5075980159947312
0.5075621128419308
0.5075261578862774
0.5074901509442082
0.5074540918319851
0.5074179803656931
0.5073818163612396
0.5073455996343523
0.5073093300005773
0.5072730072752788
0.5072366312736366
0.507200201810645
0.5071637187011107
0.5071271817596519
0.5070905908006971
0.5070539456384823
0.5070172460870507
0.5069804919602503
0.506943683071733
0.5069068192349522
0.5068699002631626
0.5068329259694166
0.5067958961665654
0.5067588106672547
0.5067216692839247
0.5066844718288084
0.5066472181139294
0.5066099079511006
0.5065725411519232
0.5065351175277838
0.5064976368898537
0.5064600990490873
0.5064225038162196
0.5063848510017656
0.5063471404160182
0.5063093718690467
0.5062715451706943
0.5062336601305774
0.5061957165580837
0.5061577142623709
0.5061196530523635
0.5060815327367526
0.5060433531239938
0.5060051140223053
0.5059668152396661
0.5059284565838147
0.5058900378622464
0.5058515588822134
0.5058130194507203
0.5057744193745252
0.5057357584601356
0.5056970365138083
0.5056582533415468
0.5056194087490989
0.5055805025419564
0.505541534525352
0.505502504504258
0.5054634122833845
0.5054242576671772
0.5053850404598158
0.505345760465212
0.5053064174870078
0.5052670113285733
0.5052275417930053
0.5051880086831245
0.505148411801475
0.5051087509503202
0.5050690259316434
0.5050292365471438
0.5049893825982357
0.504949463886046
0.5049094802114121
0.5048694313748803
0.5048293171767035
0.5047891374168396
0.5047488918949489
0.5047085804103918
0.504668202762228
0.5046277587492132
0.5045872481697972
0.5045466708221225
0.5045060265040214
0.5044653150130142
0.5044245361463073
0.5043836897007898
0.5043427754730339
0.5043017932592897
0.5042607428554848
0.504219624057222
0.5041784366597765
0.5041371804580936
0.5040958552467875
0.5040544608201378
0.5040129969720877
0.5039714634962416
0.5039298601858632
0.5038881868338724
0.503846443232844
0.503804629175004
0.5037627444522288
0.5037207888560408
0.5036787621776082
0.503636664207741
0.5035944947368891
0.5035522535551402
0.5035099404522159
0.5034675552174712
0.5034250976398905
0.5033825675080861
0.5033399646102942
0.5032972887343743
0.5032545396678045
0.5032117171976811
0.5031688211107139
0.5031258511932251
0.5030828072311453
0.5030396890100125
0.5029964963149678
0.5029532289307534
0.5029098866417107
0.5028664692317747
0.502822976484475
0.5027794081829308
0.5027357641098474
0.502692044047516
0.502648247777808
0.502604375082174
0.5025604257416398
0.5025163995368047
0.5024722962478371
0.5024281156544724
0.5023838575360102
0.5023395216713106
0.5022951078387918
0.5022506158164262
0.5022060453817385
0.5021613963118019
0.5021166683832344
0.5020718613721973
0.5020269750543904
0.5019820092050493
0.5019369635989428
0.5018918380103692
0.5018466322131523
0.5018013459806395
0.5017559790856979
0.5017105313007101
0.5016650023975723
0.5016193921476896
0.501573700321974
0.5015279266908392
0.5014820710241988
0.5014361330914617
0.5013901126615287
0.5013440095027896
0.501297823383119
0.501251554069873
0.5012052013298854
0.501158764929464
0.501112244634387
0.5010656402098997
0.5010189514207096
0.5009721780309838
0.500925319804345
0.5008783765038669
0.5008313478920708
0.5007842337309225
0.5007370337818269
0.5006897478056251
0.50064237556259
0.5005949168124224
0.5005473713142469
0.5004997388266079
0.5004520191074656
0.5004042119141914
0.5003563170035638
0.5003083341317653
0.5002602630543768
0.5002121035263732
0.500163855302121
0.5001155181353718
0.5000670917792586
0.5000185759862924
0.4999699705083564
0.49992127509670237
0.4998724895019459
0.4998236134740614
0.4997746467623786
0.49972558911557696
0.49967644028168123
0.49962720000805727
0.4995778680414065
0.4995284441277625
0.49947892801248434
0.4994293194402533
0.49937961815506726
0.4993298239002364
0.49927993641837753
0.49922995545140947
0.4991798807405482
0.4991297120263017
0.4990794490484648
0.4990290915461136
0.49897863925760166
0.4989280919205531
0.49887744927185884
0.4988267110476703
0.49877587698339454
0.49872494681368895
0.49867392027245555
0.4986227970928355
0.4985715770072045
0.49852025974716613
0.4984688450435466
0.49841733262639004
0.49836572222495157
0.49831401356769234
0.4982622063822737
0.4982103003955514
0.4981582953335697
0.4981061909215559
0.49805398688391367
0.49800168294421787
0.4979492788252084
0.49789677424878376
0.4978441689359958
0.4977914626070426
0.4977386549812632
0.49768574577713076
0.49763273471224684
0.49757962150333485
0.49752640586623353
0.497473087515891
0.4974196661663583
0.49736614153078257
0.4973125133214006
0.4972587812495328
0.497204945025576
0.497151004358997
0.49709695895832634
0.49704280853115035
0.49698855278410614
0.496934191422873
0.4968797241521668
0.4968251506757324
0.49677047069633706
0.49671568391576315
0.4966607900348011
0.49660578875324257
0.4965506797698732
0.4964954627824649
0.49644013748776955
0.49638470358151093
0.4963291607583777
0.49627350871201587
0.4962177471350216
0.49616187571893333
0.49610589415422485
0.49604980213029687
0.49599359933547016
0.49593728545697735
0.4958808601809559
0.4958243231924393
0.49576767417535017
0.4957109128124919
0.49565403878554065
0.4955970517750378
0.49553995146038193
0.4954827375198202
0.49542540963044046
0.4953679674681638
0.49531041070773496
0.4952527390227155
0.4951949520854746
0.49513704956718085
0.49507903113779417
0.49502089646605674
0.4949626452194855
0.49490427706436263
0.49484579166572695
0.49478718868736626
0.4947284677918077
0.4946696286403093
0.49461067089285116
0.494551594208127
0.4944923982435344
0.49443308265516667
0.4943736470978036
0.49431409122490244
0.49425441468858844
0.49419461713964663
0.49413469822751144
0.49407465760025854
0.49401449490459504
0.49395420978585014
0.4938938018879662
0.49383327085348844
0.49377261632355696
0.4937118379378955
0.4936509353348032
0.49358990815114434
0.49352875602233914
0.49346747858235307
0.49340607546368903
0.4933445462973758
0.4932828907129584
0.4932211083384896
0.49315919880051823
0.4930971617240807
0.4930349967326896
0.4929727034483252
0.49291028149142413
0.4928477304808699
0.4927850500339824
0.49272223976650786
0.49265929929260854
0.4925962282248526
0.4925330261742032
0.4924696927500089
0.4924062275599932
0.4923426302102427
0.49227890030519894
0.4922150374476456
0.4921510412386993
0.49208691127779886
0.49202264716269417
0.4919582484894356
0.49189371485236333
0.49182904584409715
0.4917642410555249
0.4916993000757921
0.4916342224922907
0.4915690078906485
0.491503655854718
0.4914381659665662
0.49137253780646223
0.4913067709528672
0.49124086498242353
0.4911748194699428
0.49110863398839544
0.4910423081088995
0.49097584140070893
0.49090923343120313
0.490842483765875
0.49077559196832043
0.4907085576002266
0.4906413802213603
0.49057405938955767
0.4905065946607118
0.490438985588762
0.4903712317256818
0.4903033326214685
0.49023528782413095
0.4901670968796781
0.4900987593321078
0.49003027472339566
0.4899616425934829
0.489892862480265
0.4898239339195807
0.48975485644519945
0.4896856295888107
0.4896162528800124
0.48954672584629855
0.4894770480130484
0.4894072189035151
0.48933723803881274
0.48926710493790637
0.48919681911759955
0.4891263800925223
0.48905578737512084
0.4889850404756446
0.48891413890213525
0.4888430821604151
0.48877186975407566
0.4887005011844652
0.4886289759506781
0.48855729354954297
0.4884854534756104
0.4884134552211422
0.48834129827609996
0.4882689821281325
0.48819650626256517
0.4881238701623879
0.4880510733082438
0.4879781151784178
0.48790499524882514
0.48783171299299943
0.4877582678820816
0.48768465938480887
0.4876108869675026
0.4875369500940571
0.48746284822592867
0.4873885808221238
0.4873141473391886
0.487239547231196
0.4871647799497365
0.4870898449439063
0.48701474166029457
0.48693946954297473
0.48686402803349227
0.4867884165708531
0.4867126345915136
0.48663668152936945
0.48656055681574417
0.486484259879379
0.48640779014642144
0.4863311470404149
0.4862543299822881
0.4861773383903442
0.4861001716802501
0.48602282926502605
0.48594531055503587
0.4858676149579749
0.4857897418788616
0.4857116907200259
0.4856334608810995
0.48555505175900604
0.4854764627479507
0.48539769323940973
0.4853187426221218
0.48523961028207757
0.4851602956025092
0.48508079796388187
0.48500111674388385
0.4849212513174168
0.4848412010565867
0.4847609653306938
0.48468054350622514
0.4845999349468432
0.484519139013379
0.48443815506382193
0.48435698245331127
0.4842756205341274
0.4841940686556841
0.4841123261645187
0.48403039240428525
0.4839482667157444
0.4838659484367577
0.48378343690227776
0.4837007314443408
0.48361783139205944
0.48353473607161485
0.483451444806249
0.4833679569162581
0.48328427171898436
0.48320038852880975
0.4831163066571488
0.483032025412442
0.48294754410014906
0.48286286202274264
0.4827779784797015
0.4826928927675053
0.48260760417962806
0.48252211200653206
0.48243641553566274
0.48235051405144336
0.4822644068352687
0.4821780931655013
0.4820915723174653
0.4820048435634422
0.48191790617266683
0.4818307594113219
0.4817434025425341
0.4816558348263709
0.4815680555198357
0.48148006387686465
0.4813918591483233
0.48130344058200336
0.48121480742261935
0.4811259589118069
0.4810368942881186
0.48094761278702264
0.4808581136409008
0.48076839607904626
0.48067845932766173
0.4805883026098583
0.48049792514565426
0.4804073261519739
0.4803165048426472
0.48022546042840875
0.4801341921168986
0.4800426991126608
0.47995098061714475
0.4798590358287058
0.4797668639426055
0.47967446415101267
0.4795818356430059
0.47948897760457354
0.4793958892186165
0.4793025696649509
0.4792090181203091
0.4791152337583442
0.479021215749632
0.4789269632616742
0.4788324754589033
0.4787377515026851
0.4786427905513241
0.4785475917600671
0.4784521542811095
0.47835647726359853
0.4782605598536411
0.4781644011943078
0.4780680004256403
0.47797135668465685
0.47787446910536036
0.4777773368187447
0.47767995895280274
0.47758233463253436
0.4774844629799539
0.4773863431141002
0.4772879741510444
0.47718935520389993
0.47709048538283205
0.4769913637950683
0.47689198954490825
0.47679236173373557
0.4766924794600281
0.4765923418193702
0.4764919479044651
0.47639129680514636
0.47629038760839193
0.47618921939833625
0.4760877912562853
0.47598610226072935
0.47588415148735863
0.4757819380090778
0.475679460896021
0.4755767192155683
0.4754737120323616
0.4753704384083219
0.47526689740266553
0.4751630880719224
0.4750590094699542
0.4749546606479725
0.47485004065455794
0.4747451485356795
0.474639983334715
0.4745345440924711
0.4744288298472037
0.4743228396346405
0.4742165724880019
0.47411002743802366
0.47400320351298
0.47389609973870667
0.47378871513862475
0.4736810487337656
0.4735730995427948
0.4734648665820386
0.47335634886550915
0.47324754540493164
0.4731384552097701
0.4730290772872563
0.47291941064241716
0.4728094542781035
0.4726992071950186
0.47258866839174957
0.47247783686479566
0.4723667116086003
0.47225529161558244
0.4721435758761677
0.4720315633788221
0.4719192531100844
0.47180664405460015
0.47169373519515556
0.4715805255127128
0.47146701398644547
0.4713531995937743
0.47123908131040415
0.47112465811036147
0.47100992896603155
0.4708948928481977
0.4707795487260793
0.4706638955673733
0.4705479323382932
0.47043165800360975
0.47031507152669383
0.470198171869558
0.47008095799289895
0.46996342885614195
0.46984558341748445
0.46972742063394046
0.46960893946138743
0.4694901388546108
0.4693710177673515
0.46925157515235333
0.46913180996141124
0.46901172114541967
0.46889130765442194
0.4687705684376611
0.4686495024436297
0.4685281086201217
0.46840638591428496
0.46828433327267327
0.4681619496413007
0.4680392339656947
0.46791618519095224
0.4677928022617942
0.4676690841226225
0.46754502971757644
0.46742063799059064
0.4672959078854536
0.46717083834586604
0.4670454283155016
0.4669196767380664
0.46679358255736064
0.4666671447173407
0.46654036216218137
0.46641323383633915
0.4662857586846162
0.46615793565222535
0.4660297636848555
0.46590124172873776
0.46577236873071165
0.4656431436382939
0.46551356539974575
0.4653836329641423
0.4652533452814425
0.46512270130255956
0.4649916999794312
0.464860340265093
0.46472862111375013
0.4645965414808508
0.46446410032316027
0.4643312965988362
0.4641981292675032
0.46406459729032973
0.4639306996301047
0.4637964352513151
0.463661803120225
0.46352680220495307
0.46339143147555434
0.4632556899040989
0.4631195764647544
0.4629830901338671
0.4628462298900446
0.46270899471423976
0.46257138358983374
0.4624333955027211
0.4622950294413958
0.46215628439703615
0.46201715936359233
0.4618776533378733
0.46173776531963556
0.4615974943116714
0.4614568393198985
0.46131579935345035
0.46117437342476647
0.4610325605496843
0.46089035974753123
0.46074777004121736
0.4606047904573287
0.4604614200262215
0.46031765778211686
0.46017350276319563
0.460028954011695
0.45988401057400474
0.4597386715007644
0.4595929358469605
0.459446802672026
0.4593002710399385
0.45915334001931957
0.459006008683536
0.4588582761107989
0.4587101413842663
0.45856160359214393
0.45841266182778884
0.45826331518981067
0.45811356278217624
0.4579634037143133
0.45781283710121456
0.4576618620635431
0.45751047772773723
0.45735868322611734
0.4572064776969913
0.45705386028476214
0.4569008301400349
0.45674738641972434
0.45659352828716343
0.45643925491221193
0.4562845654713652
0.45612945914786385
0.45597393513180334
0.45581799262024425
0.4556616308173229
0.4555048489343624
0.455347646189983
0.45519002181021556
0.45503197502861065
0.45487350508635327
0.4547146112323741
0.4545552927234623
0.45439554882437844
0.45423537880796805
0.4540747819552748
0.4539137575556541
0.4537523049068873
0.45359042331529537
0.4534281120958531
0.45326537057230365
0.45310219807727325
0.4529385939523851
0.45277455754837453
0.4526100882252038
0.4524451853521769
0.45227984830805446
0.45211407648116847
0.45194786926953767
0.45178122608098203
0.45161414633323793
0.45144662945407293
0.45127867488140083
0.4511102820633963
0.45094145045860906
0.45077217953607923
0.45060246877545124
0.4504323176670886
0.45026172571218637
0.4500906924228876
0.44991921732239487
0.44974729994508456
0.44957493983662034
0.4494021365540647
0.4492288896659937
0.4490551987526073
0.44888106340584233
0.4487064832294837
0.4485314578392756
0.4483559868630328
0.4481800699407498
0.44800370672471246
0.44782689687960575
0.44764964008262376
0.4474719360235778
0.447293784405004
0.4471151849422713
0.44693613736368726
0.4467566414106052
0.44657669683752915
0.4463963034122181
0.44621546091579106
0.44603416914283034
0.44585242790148405
0.4456702370135676
0.44548759631466583
0.44530450565423263
0.4451209648956911
0.44493697391653164
0.4447525326084095
0.44456764087724343
0.4443822986433094
0.44419650584133696
0.4440102624206036
0.44382356834502645
0.4436364235932558
0.4434488281587651
0.4432607820499413
0.4430722852901737
0.44288333791794177
0.4426939399869011
0.44250409156596965
0.44231379273941124
0.4421230436069186
0.4419318442836958
0.44174019490053784
0.44154809560391006
0.44135554655602643
0.4411625479349254
0.4409690999345454
0.4407752027647981
0.4405808566516417
0.4403860618371508
0.4401908185795862
0.43999512715346284
0.439798987849616
0.43960240097526676
0.43940536685408427
0.4392078858262482
0.43900995824850864
0.43881158449424496
0.4386127649535221
0.43841350003314516
0.4382137901567145
0.4380136357646762
0.4378130373143721
0.4376119952800882
0.4374105101531015
0.4372085824417239
0.43700621267134515
0.43680340138447454
0.4366001491407784
0.4363964565171188
0.4361923241075877
0.4359877525235412
0.4357827423936299
0.43557729436382875
0.43537140909746486
0.435165087275242
0.4349583295952647
0.4347511367730587
0.4345435095415912
0.4343354486512873
0.4341269548700452
0.43391802898324927
0.43370867179378036
0.43349888412202514
0.43328866680588196
0.43307802070076573
0.43286694667960907
0.43265544563286346
0.43244351846849594
0.4322311661119848
0.43201838950631277
0.43180518961195785
0.43159156740688237
0.4313775238865184
0.4311630600637528
0.43094817696890836
0.43073287564972357
0.4305171571713291
0.43030102261622316
0.4300844730842436
0.42986750969253795
0.4296501335755315
0.4294323458848914
0.42921414778949085
0.4289955404753692
0.42877652514569004
0.4285571030206967
0.4283372753376658
0.42811704335085815
0.4278964083314673
0.42767537156756563
0.4274539343640478
0.4272320980425721
0.4270098639414997
0.42678723341582997
0.42656420783713594
0.42634078859349467
0.4261169770894168
0.4258927747457732
0.4256681829997196
0.4254432033046179
0.42521783712995564
0.4249920859612639
0.4247659513000308
0.42453943466361443
0.42431253758515247
0.4240852616134697
0.42385760831298275
0.42362957926360345
0.42340117606063793
0.42317240031468645
0.4229432536515366
0.4227137377120585
0.42248385415209483
0.4222536046423493
0.42202299086827355
0.4217920145299498
0.42156067734197444
0.42132898103333544
0.42109692734729076
0.42086451804124275
0.4206317548866103
0.42039863966870056
0.4201651741865756
0.4199313602529191
0.41969719969390024
0.41946269434903544
0.4192278460710469
0.41899265672572183
0.41875712819176564
0.4185212623606563
0.4182850611364958
0.41804852643585816
0.41781166018763716
0.41757446433289114
0.41733694082468625
0.41709909162793757
0.4168609187192477
0.416622424086745
0.41638360972991806
0.4161444776594495
0.4159050298970475
0.415665268475276
0.41542519543738243
0.41518481283712383
0.41494412273859105
0.414703127216033
0.41446182835367595
0.4142202282455439
0.4139783289952769
0.4137361327159455
0.41349364152986734
0.4132508575684191
0.4130077829718481
0.4127644198890832
0.4125207704775419
0.41227683690293915
0.4120326213390918
0.4117881259677241
0.41154335297826944
0.41129830456767397
0.41105298294019477
0.41080739030720126
0.410561528886972
0.4103154009044912
0.4100690085912458
0.4098223541850187
0.40957543992968326
0.4093282680749945
0.4090808408763821
0.40883316059473945
0.40858522949621423
0.40833704985199576
0.40808862393810413
0.40783995403517576
0.4075910424282503
0.40734189140655547
0.4070925032632916
0.4068428802954154
0.40659302480342335
0.4063429390911338
0.406092625465469
0.4058420862362362
0.40559132371590834
0.4053403402194054
0.40508913806387226
0.4048377195684596
0.40458608705410165
0.40433424284329583
0.40408218925987993
0.40382992862881106
0.40357746327594224
0.4033247955278008
0.40307192771136446
0.40281886215383994
0.4025656011824378
0.40231214712415103
0.40205850230553136
0.4018046690524656
0.4015506496899519
0.401296446541878
0.4010420619307962
0.4007874981777022
0.40053275760181023
0.4002778425203318
0.4000227552482518
0.3997674980981073
0.39951207337976447
0.3992564834001971
0.39900073046326523
0.39874481686949365
0.3984887449158513
0.3982325168955304
0.3979761350977277
0.3977196018074234
0.3974629193051629
0.3972060898668386
0.3969491157634713
0.3966919992609931
0.3964347426200313
0.3961773480956907
0.3959198179373398
0.39566215438839486
0.3954043596861063
0.39514643606134514
0.3948883857383908
0.3946302109347185
0.39437191386078935
0.39411349671983914
0.39385496170766926
0.39359631101243886
0.39333754681445643
0.3930786712859742
0.3928196865909812
0.3925605948849993
0.3923013983148796
0.39204209901859904
0.3917826991250593
0.3915232007538853
0.39126360601522703
0.39100391700955883
0.3907441358274842
0.39048426454953794
0.39022430524599117
0.38996425997665785
0.389704130790701
0.38944391972644143
0.3891836288111672
0.3889232600609439
0.3886628154804268
0.3884022970626738
0.38814170678895943
0.3878810466285909
0.3876203185387242
0.3873595244641831
0.3870986663372774
0.38683774607762433
0.38657676559197013
0.3863157267740132
0.38605463150422903
0.38579348164969524
0.38553227906391985
0.38527102558666865
0.38500972304379577
0.3847483732470748
0.3844869779940306
0.3842255390677738
0.3839640582368358
0.3837025372550059
0.3834409778611676
0.3831793817791399
0.3829177507175163
0.3826560863695075
0.38239439041278467
0.3821326645093239
0.38187091030525255
0.38160912943069625
0.38134732349962774
0.38108549410971726
0.3808236428421835
0.3805617712616465
0.38029988091598144
0.3800379733361752
0.3797760500361814
0.3795141125127792
0.37925216224543323
0.3789902006961532
0.37872822930935646
0.37846624951173086
0.3782042627120995
0.37794227030128613
0.37768027365198253
0.37741827411861645
0.377156273037221
0.37689427172530576
0.3766322714817284
0.37637027358656727
0.37610827930099666
0.3758462898671614
0.37558430650805374
0.3753223304273911
0.37506036280949495
0.3747984048191704
0.3745364576015876
0.3742745222821638
0.3740125999664463
0.3737506917399968
0.37348879866827667
0.373226921796533
0.3729650621496858
0.37270322073221696
0.3724413985280576
0.37217959650048005
0.37191781559198767
0.37165605672420676
0.3713943207977794
0.3711326086922577
0.3708709212659965
0.37060925935604994
0.3703476237780669
0.37008601532618723
0.3698244347729399
0.36956288286914074
0.3693013603437905
0.3690398679039755
0.368778406234767
0.36851697599912137
0.36825557783778184
0.36799421236918045
0.3677328801893397
0.3674715818717758
0.3672103179674008
0.3669490890044282
0.366687895488275
0.366426737901467
0.3661656167035438
0.3659045323309631
0.3656434851970069
0.3653824756916868
0.36512150418164924
0.3648605710100826
0.3645996764966228
0.3643388209372598
0.36407800460424344
0.36381722774599173
0.363556490586995
0.3632957933277243
0.3630351361445377
0.3627745191895855
0.3625139425907181
0.3622534064513919
0.36199291085057506
0.36173245584265334
0.3614720414573365
0.3612116676995631
0.36095133454940553
0.3606910419619758
0.36043078986732896
0.360170578170367
0.3599104067507439
0.3596502754627672
0.3593901841353013
0.3591301325716697
0.3588701205495559
0.3586101478209052
0.358350214111824
0.35809031912247996
0.3578304625270003
0.3575706439733702
0.3573108630833307
0.35705111945227336
0.3567914126491374
0.3565317422163037
0.35627210766948847
0.3560125084976361
0.3557529441628102
0.3554934141000855
0.35523391771743573
0.35497445439562264
0.35471502348808404
0.3544556243208179
0.35419625619226885
0.35393691837321006
0.3536776101066266
0.35341833060759487
0.3531590790631626
0.3528998546322267
0.3526406564454088
0.3523814836049313
0.35212233518448877
0.35186321022912165
0.35160410775508444
0.35134502674971524
0.35108596617130106
0.3508269249489438
0.3505679019824225
0.35030889614205424
0.3500499062685545
0.3497909311728931
0.34953196963615085
0.349273020409372
0.34901408221341623
0.34875515373880706
0.3484962336455801
0.34823732056312784
0.34797841309004146
0.34771950979395294
0.34746060921137223
0.3472017098475243
0.3469428101761821
0.34668390863949844
0.34642500364783424
0.3461660935795866
0.34590717678101107
0.3456482515660441
0.3453893162161227
0.34513036897999916
0.34487140807355643
0.34461243167961897
0.3443534379477606
0.3440944249941108
0.3438353909011581
0.3435763337175498
0.3433172514578896
0.3430581421025324
0.34279900359737586
0.3425398338536498
0.34228063074770176
0.34202139212078003
0.3417621157788136
0.3415027994921902
0.3412434409955288
0.3409840379874519
0.34072458813035283
0.34046508905016054
0.34020553833610206
0.3399459335404597
0.33968627217832803
0.3394265517273647
0.339166769627541
0.3389069232808864
0.3386470100512313
0.3383870272639477
0.33812697220568366
0.33786684212409723
0.337606634227586
0.33734634568501254
0.3370859736254291
0.33682551513779546
0.3365649672706969
0.33630432703205665
0.3360435913888455
0.33578275726678974
0.33552182155007204
0.3352607810810344
0.3349996326598728
0.33473837304433074
0.3344769989493906
0.3342155070469598
0.3339538939655544
0.3336921562899807
0.33343029056101076
0.3331682932750583
0.332906160883849
0.3326438897940882
0.3323814763671266
0.3321189169186212
0.33185620771819446
0.33159334498909027
0.33133032490782677
0.33106714360384637
0.33080379715916336
0.3305402816080075
0.3302765929364667
0.330012727082126
0.32974867993370305
0.32948444733068405
0.329220025062953
0.328955408870423
0.3286905944426618
0.32842557741851697
0.3281603533857383
0.327894917880599
0.327629266387513
0.32736339433865336
0.3270972971135664
0.3268309700387853
0.3265644083874426
0.3262976073788803
0.3260305621782601
0.32576326789617116
0.32549571958823736
0.32522791225472514
0.3249598408401479
0.3246915002328729
0.32442288526472607
0.32415399071059614
0.32388481128804125
0.3236153416568933
0.3233455764188644
0.32307551011715174
0.3228051372360469
0.3225344522005426
0.32226344937594237
0.3219921230674722
0.3217204675198925
0.32144847691711287
0.32117614538180983
0.32090346697504546
0.3206304356958894
0.32035704548104516
0.32008329020447773
0.31980916367704626
0.31953465964614025
0.31925977179531995
0.31898449374396187
0.3187088190469078
0.31843274119412146
0.31815625361034855
0.31787934965478404
0.31760202262074505
0.3173242657353526
0.31704607215921754
0.3167674349861354
0.31648834724279085
0.3162088018884678
0.31592879181477124
0.31564830984535497
0.31536734873566324
0.31508590117267987
0.3148039597746892
0.3145215170910475
0.3142385656019684
0.31395509771831737
0.31367110578142293
0.31338658206289777
0.3131015187644762
0.31281590801786613
0.312529741884614
0.31224301235598934
0.3119557113528818
0.3116678307257183
0.3113793622543963
0.31109029764823554
0.3108006285459498
0.3105103465156373
0.31021944305479215
0.3099279095903364
0.3096357374786743
0.3093429180057699
0.3090494423872465
0.3087553017685106
0.30846048722490155
0.30816498976186657
0.307868800315161
0.3075719097510772
0.3072743088667009
0.30697598839019635
0.3066769389811221
0.3063771512307754
0.3060766156625693
0.3057753227324427
0.305473262829302
0.3051704262754977
0.3048668033273352
0.30456238417562265
0.3042571589462539
0.3039511177008307
0.3036442504373216
0.3033365470907621
0.30302799753399423
0.30271859157844705
0.3024083189749603
0.3020971694146509
0.3017851325298232
0.3014721978949242
0.3011583550275451
0.3008435933894702
0.30052790238777205
0.30021127137595677
0.29989368965515883
0.2995751464753851
0.29925563103681224
0.2989351324911348
0.29861363994296813
0.2982911424513038
0.2979676290310205
0.29764308865445166
0.29731751025300873
0.29699088271886215
0.2966631949066807
0.2963344356354297
0.29600459369022913
0.29567365782427246
0.29534161676080595
0.29500845919517066
0.2946741737969073
0.2943387492119227
0.29400217406472107
0.29366443696070077
0.29332552648851284
0.2929854312224883
0.29264413972512776
0.2923016405496609
0.29195792224266903
0.291612973346777
0.29126678240341
0.2909193379556196
0.2905706285509769
0.2902206427445311
0.2898693691018395
0.28951679620206056
0.2891629126411194
0.28880770703493586
0.28845116802272436
0.28809328427035663
0.28773404447379397
0.28737343736258475
0.28701145170342707
0.28664807630379807
0.28628330001564634
0.2859171117391498
0.285549500426536
0.2851804550859636
0.28480996478546805
0.28443801865696516
0.28406460590031524
0.2836897157874444
0.2833133376665246
0.28293546096620636
0.28255607519990855
0.28217516997015857
0.2817927349729844
0.2814087600023554
0.28102323495467135
0.2806361498332961
0.2802474947531346
0.2798572599452526
0.27946543576153493
0.2790720126793797
0.27867698130642904
0.2782803323853318
0.2778820567985335
0.2774821455730973
0.2770805898855457
0.2766773810667258
0.27627251060669317
0.2758659701596103
0.2754577515486586
0.27504784677095995
0.2746362480025036
0.274222947603078
0.27380793812119997
0.273391212299042
0.2729727630773509
0.2725525836003568
0.27213066722066726
0.27170700750414273
0.2712815982347513
0.2708544334193972
0.27042550729271925
0.26999481432185723
0.26956234921118044
0.2691281069069754
0.2686920826020874
0.26825427174051436
0.26781467002194737
0.26737327340625316
0.26693007811789615
0.266485080650295
0.26603827777011113
0.26558966652146215
0.2651392442300592
0.2646870085072635
0.2642329572540565
0.2637770886649221
0.2633194012316355
0.2628598937469549
0.26239856530821387
0.2619354153208074
0.2614704435015716
0.2610036498820517
0.2605350348116538
0.26006459896067907
0.25959234332323544
0.2591182692200249
0.25864237830100056
0.2581646725478944
0.2576851542766091
0.2572038261394721
0.25672069112735185
0.2562357525716288
0.25574901414602114
0.25526047986826583
0.2547701541016463
0.2542780415563699
0.2537841472907909
0.2532884767124788
0.252791035579127
0.2522918299993043
0.2517908664330453
0.2512881516922806
0.2507836929411009
0.2502774976958623
0.24976957382512385
0.24925992954942183
0.24874857344087808
0.24823551442264374
0.2477207617681772
0.2472043251003557
0.2466862143904234
0.2461664399567738
0.24564501246356746
0.24512194291918815
0.24459724267453356
0.24407092342114886
0.24354299718919525
0.2430134763452634
0.24248237359002817
0.24194970195574728
0.241415474803608
0.24087970582091933
0.2403424090181573
0.23980359872586143
0.23926328959138604
0.23872149657550956
0.23817823494890372
0.23763352028846607
0.23708736847351738
0.236539795681868
0.23599081838575753
0.23544045334766625
0.23488871761600802
0.23433562852070322
0.23378120366863672
0.23322546093900468
0.23266841847855385
0.23211009469671576
0.23155050826064127
0.2309896780901383
0.23042762335251601
0.22986436345734143
0.22929991805110883
0.2287343070118299
0.22816755044354614
0.22759966867076686
0.22703068223283984
0.22646061187825503
0.22588947855888908
0.2253173034241903
0.22474410781531143
0.22416991325919494
0.2235947414626097
0.22301861430614978
0.22244155383819375
0.22186358226883138
0.22128472196376103
0.22070499543816158
0.22012442535054166
0.21954303449657114
0.21896084580289957
0.21837788232096172
0.21779416722077777
0.21720972378475017
0.21662457540145771
0.21603874555945857
0.21545225784109304
0.2148651359163034
0.21427740353646182
0.21368908452821797
0.21310020278736547
0.21251078227272976
0.21192084700008473
0.21133042103609395
0.21073952849228608
0.21014819351906408
0.20955644029974949
0.20896429304466854
0.20837177598527645
0.2077789133683308
0.2071857294501067
0.20659224849066382
0.20599849474816334
0.2054044924732372
0.20481026590341472
0.20421583925760398
0.20362123673063257
0.20302648248785024
0.2024316006597927
0.2018366153369096
0.20124155056435866
0.20064643033686647
0.2000512785936579
0.1994561192134548
0.19886097600954694
0.19826587272493357
0.19767083302754063
0.1970758805055099
0.19648103866256564
0.19588633091345659
0.1952917805794755
0.1946974108840567
0.19410324494845266
0.19350930578749012
0.1929156163054051
0.19232219929176148
0.1917290774174472
0.19113627323075483
0.19054380915354324
0.1899517074774808
0.18935999036037424
0.18876867982257586
0.18817779774347898
0.18758736585809327
0.18699740575370416
0.18640793886661683
0.18581898647898384
0.18523056971571417
0.18464270954146852
0.18405542675773626
0.18346874199999613
0.18288267573496023
0.18229724825790083
0.18171247969005985
0.18112838997614042
0.18054499888188127
0.17996232599171189
0.17938039070649026
0.17879921224132053
0.17821880962345185
0.17763920169025751
0.1770604070872926
0.17648244426643273
0.17590533148408943
0.17532908679950504
0.17475372807312348
0.17417927296504077
0.17360573893352782
0.17303314323363242
0.1724615029158546
0.1718908348248957
0.17132115559848243
0.17075248166626264
0.1701848292487741
0.16961821435648364
0.16905265278889742
0.1684881601337419
0.16792475176621113
0.167362442848286
0.166801248328117
0.16624118293947682
0.16568226120127597
0.16512449741714474
0.16456790567507862
0.16401249984714694
0.16345829358926267
0.16290530034101533
0.16235353332556174
0.1618030055495787
0.16125372980327174
0.16070571866044314
0.16015898447861543
0.15961353939921105
0.1590693953477858
0.15852656403431742
0.15798505695354542
0.15744488538536303
0.15690606039525995
0.1563685928348155
0.15583249334223867
0.1552977723429585
0.15476444005025813
0.1542325064659582
0.15370198138114138
0.1531728743769239
0.15264519482526692
0.15211895188983227
0.15159415452687752
0.15107081148619073
0.1505489313120647
0.15002852234430922
0.14950959271929867
0.14899215037105742
0.14847620303237838
0.1479617582359766
0.14744882331567524
0.1469374054076235
0.14642751145154534
0.14591914819201873
0.14541232217978364
0.14490703977307756
0.14440330713899982
0.14390113025490012
0.14340051490979297
0.14290146670579826
0.14240399105960208
0.14190809320394335
0.14141377818911918
0.14092105088451282
0.14042991598014185
0.1399403779882232
0.13945244124475834
0.13896610991113473
0.13848138797574464
0.13799827925561756
0.13751678739807008
0.13703691588236763
0.1365586680214005
0.13608204696337114
0.1356070556934947
0.13513369703570804
0.1346619736543919
0.13419188805609863
0.13372344259129185
0.1332566394560918
0.1327914806940286
0.13232796819780213
0.13186610371104646
0.13140588883010143
0.13094732500578588
0.13049041354517732
0.13003515561339268
0.1295815522353725
0.12912960429766607
0.1286793125502198
0.1282306776081632
0.12778369995359748
0.12733837993738237
0.1268947177809224
0.1264527135779512
0.12601236729631382
0.1255736787797461
0.12513664774965183
0.12470127380687522
0.12426755643346926
0.12383549499446027
0.12340508873960696
0.12297633680515355
0.12254923821557775
0.12212379188533214
0.1216999966205779
0.12127785112091323
0.12085735398109244
0.12043850369273804
0.12002129864604433
0.1196057371314731
0.11919181734143827
0.11877953737198445
0.11836889522445287
0.11795988880713959
0.11755251593694173
0.11714677434099557
0.11674266165830127
0.11634017544133839
0.11593931315766984
0.11554007219153375
0.11514244984542434
0.11474644334166077
0.11435204982394315
0.11395926635889725
0.11356808993760598
0.1131785174771284
0.11279054582200582
0.11240417174575523
0.11201939195234856
0.11163620307768024
0.11125460169101924
0.11087458429644971
0.11049614733429583
0.11011928718253455
0.1097440001581938
0.10937028251873585
0.10899813046342822
0.10862754013469866
0.10825850761947763
0.10789102895052505
0.10752510010774308
0.10716071701947526
0.10679787556378981
0.10643657156974977
0.10607680081866759
0.10571855904534584
0.10536184193930283
0.10500664514598414
0.10465296426795924
0.10430079486610311
0.10395013246076454
0.10360097253291825
0.10325331052530393
0.1029071418435495
0.1025624618572802
0.1022192659012139
0.10187754927624101
0.10153730725049008
0.10119853506037985
0.10086122791165598
0.10052538098041364
0.10019098941410633
0.09985804833254038
0.09952655282885474
0.09919649797048748
0.0988678788001283
0.09854069033665566
0.09821492757606254
0.09789058549236611
0.09756765903850516
0.09724614314722321
0.0969260327319385
0.0966073226875998
0.0962900078915304
0.09597408320425682
0.09565954347032592
0.09534638351910849
0.09503459816558933
0.09472418221114554
0.09441513044431062
0.09410743764152746
0.0938010985678876
0.09349610797785823
0.0931924606159974
0.09289015121765642
0.09258917450967036
0.09228952521103685
0.09199119803358173
0.0916941876826147
0.09139848885757199
0.09110409625264755
0.09081100455741381
0.09051920845742982
0.09022870263483848
0.08993948176895405
0.08965154053683616
0.08936487361385516
0.08907947567424573
0.08879534139165032
0.08851246543965091
0.08823084249229217
0.08795046722459278
0.08767133431304798
0.08739343843612074
0.08711677427472364
0.08684133651269157
0.0865671198372433
0.08629411893943506
0.08602232851460338
0.08575174326279962
0.08548235788921471
0.08521416710459499
0.08494716562564879
0.084681348175445
0.08441670948380182
0.0841532442876676
0.083890947331493
0.08362981336759487
0.08336983715651153
0.08311101346735052
0.08285333707812724
0.08259680277609688
0.08234140535807803
0.08208713963076798
0.08183400041105174
0.0815819825263019
0.08133108081467301
0.08108129012538702
0.08083260531901255
0.0805850212677367
0.08033853285563021
0.08009313497890522
0.07984882254616713
0.07960559047865903
0.07936343371050027
0.07912234718891759
0.07888232587447162
0.07864336474127503
0.07840545877720655
0.07816860298411782
0.07793279237803384
0.07769802198934943
0.07746428686301803
0.07723158205873587
0.07699990265112035
0.07676924372988284
0.0765396003999963
0.07631096778185767
0.07608334101144475
0.07585671524046818
0.07563108563651838
0.07540644738320766
0.0751827956803076
0.07496012574388092
0.07473843280640965
0.07451771211691832
0.07429795894109215
0.07407916856139196
0.07386133627716324
0.07364445740474261
0.07342852727755822
0.07321354124622804
0.07299949467865259
0.07278638296010402
0.07257420149331183
0.07236294569854443
0.07215261101368667
0.0719431928943145
0.07173468681376491
0.07152708826320335
0.07132039275168688
0.07111459580622476
0.07090969297183497
0.07070567981159759
0.07050255190670553
0.07030030485651116
0.070098934278571
0.0698984358086864
0.0696988051009418
0.06950003782773974
0.06930212967983368
0.06910507636635739
0.0689088736148515
0.06871351717128832
0.06851900280009326
0.06832532628416366
0.06813248342488529
0.06794047004214726
0.06774928197435269
0.06755891507842865
0.06736936522983357
0.0671806283225614
0.06699270026914457
0.06680557700065456
0.06661925446670051
0.06643372863542499
0.06624899549349911
0.06606505104611445
0.0658818913169737
0.06569951234827935
0.06551791020072051
0.06533708095345775
0.06515702070410688
0.06497772556871977
0.06479919168176518
0.06462141519610641
0.06444439228297832
0.06426811913196268
0.06409259195096154
0.06391780696616961
0.06374376042204531
0.06357044858127989
0.06339786772476552
0.06322601415156243
0.0630548841788636
0.0628844741419599
0.0627147803942022
0.062545799306964
0.06237752726960129
0.062209960689412924
0.062043095991597894
0.06187692961921396
0.061711458033133104
0.06154667771199711
0.06138258515217213
0.06121917686770179
0.06105644939025958
0.0608943992691009
0.060733023071013435
0.06057231738026708
0.060412278798563014
0.06025290394498209
0.0600941894559321
0.059936131985094676
0.0597787282033716
0.0596219747988295
0.059465868476645305
0.05931040595904975
0.059155583985270856
0.05900139931147686
0.05884784871071838
0.058694928972870236
0.05854263690457213
0.05839096932916961
0.058239923086653926
0.05808949503360187
0.05793968204311464
0.057790481004756714
0.057641888824493795
0.05749390242463127
0.05734651874375084
0.0571997347366481
0.057053547374269376
0.0569079536436475
0.05676295054783835
0.05661853510585631
0.05647470435260971
0.05633145533883613
0.056188785131037144
0.0560466908114126
0.05590516947779564
0.05576421824358633
0.05562383423768574
0.05548401460442954
0.05534475650352192
0.05520605710996845
0.05506791361400966
0.05493032322105377
0.05479328315160989
0.05465679064122056
0.05452084294039459
0.05438543731453958
0.054250571043894136
0.05411624142346054
0.053982445762937065
0.05384918138664989
0.05371644563348576
0.05358423585682354
0.053452549424466936
0.05332138371857598
0.05319073613559961
0.05306060408620748
0.05293098499522182
0.05280187630154978
0.05267327545811565
0.0525451799317924
0.05241758720333425
0.05229049476730883
0.05216390013202911
0.05203780081948602
0.05191219436528048
0.051787078318556154
0.0516624502419314
0.051538307711432495
0.051414648316425615
0.051291469659549865
0.05116876935665032
0.05104654503671059
0.05092479434178624
0.05080351492693752
0.050682704460162875
0.05056236062233269
0.05044248110712214
0.05032306362094548
0.050204105882889455
0.05008560562464773
0.04996756059045444
