0.5411678758762246
0.3168295707520373
0.3155231478174882
0.2712988150120405
0.24697170691361697
0.24755376748013513
0.22683570054328545
0.21139293588827213
0.20080327066258305
0.19176130287742554
0.18541284147162762
0.18139693880031604
0.17759072048426752
0.17464707735071755
0.1716032677881194
0.16878450455869434
0.16595679248892065
0.1632234598704972
0.16055685563526767
0.15798462351554454
0.1555222806101667
0.1531815906904381
0.15097630085358127
0.14890968688150313
0.14698346304645876
0.145193096250178
0.1435319174209249
0.14199092564032348
0.1405601180078761
0.13922913405029894
0.13798773741417936
0.1368262993541817
0.13573604781091286
0.1347092790140785
0.13373942512106501
0.1328210391032281
0.1319496932328185
0.13112181958340335
0.1303345172571793
0.12958535345020614
0.1288721807222704
0.1281929872342153
0.1275457877216969
0.12692855590480906
0.1263391931455548
0.1257755249190972
0.12523531599871054
0.12471629594157554
0.12421618843298662
0.12373274002780582
0.12326374581242217
0.12280707100274754
0.12236066858065152
0.12192259372903601
0.12149101615327132
0.1210642314621147
0.12064067268369297
0.120218922771477
0.11979772863322372
0.11937601681784221
0.11895291053421858
0.11852774717818036
0.11810009504618782
0.117669767474464
0.11723683233366752
0.11680161471330103
0.1163646908188631
0.11592687161890183
0.11548917560648819
0.11505279110223282
0.11461902968299825
0.1141892733898826
0.11376491916518369
0.11334732434493996
0.11293775692135129
0.11253735371147498
0.11214708863555428
0.11176775218906874
0.11139994207328834
0.11104406399195933
0.11070034093493106
0.11036882889478208
0.1100494368808616
0.10974194924523713
0.10944604863625869
0.10916133826858046
0.10888736257943143
0.10862362568635606
0.10836960734843412
0.1081247763538502
0.10788860141478308
0.10766055975467255
0.10744014363369297
0.10722686508627097
0.10702025914896339
0.10681988584552016
0.10662533117445036
0.10643620731732863
0.106252152256704
0.10607282896308046
0.10589792428257835
0.10572714763145545
0.10556022958121054
0.10539692039864962
0.10523698858903553
0.10508021947705766
0.10492641384958402
0.1047753866756416
0.1046269659125097
0.1044809914018596
0.1043373138562451
0.10419579393368517
0.1040563013963447
0.10391871434822741
0.10378291854619123
0.10364880677834412
0.10351627830388403
0.10338523834863013
0.10325559765078585
0.10312727205184251
0.10300018212793274
0.10287425285735252
0.10274941332038297
0.10262559642792475
0.10250273867583619
0.1023807799221862
0.10225966318496156
0.10213933445803441
0.10201974254344737
0.10190083889830436
0.10178257749474316
0.10166491469165045
0.10154780911692711
0.10143122155925063
0.1013151148684005
0.10119945386331702
0.10108420524715137
0.10096933752865253
0.1008548209492977
0.10074062741564153
0.10062673043640846
0.10051310506390172
0.10039972783934191
0.10028657674178969
0.10017363114032848
0.10006087174922362
0.09994828058578978
0.09983584093072417
0.09972353729068463
0.09961135536290308
0.09949928200164485
0.09938730518633944
0.09927541399121403
0.09916359855628021
0.09905185005952757
0.09894016069019268
0.09882852362297627
0.09871693299309126
0.09860538387203027
0.09849387224395027
0.09838239498257448
0.09827094982851921
0.09815953536696537
0.09804815100558192
0.0979367969526401
0.09782547419523585
0.0977141844775601
0.09760293027915723
0.09749171479311243
0.09738054190411795
0.09726941616637234
0.09715834278127099
0.09704732757484755
0.09693637697493959
0.09682549798804559
0.09671469817585111
0.0966039856314104
0.0964933689549624
0.09638285722937953
0.09627245999523937
0.09616218722552489
0.0960520492999536
0.09594205697895042
0.09583222137727243
0.09572255393731188
0.09561306640209274
0.09550377078799423
0.09539467935722858
0.09528580459010871
0.09517715915714728
0.09506875589102406
0.09496060775847158
0.09485272783212431
0.09474512926238232
0.09463782524934287
0.09453082901485414
0.09442415377474682
0.09431781271130368
0.09421181894602074
0.09410618551272444
0.09400092533109908
0.09389605118068514
0.09379157567540826
0.09368751123869007
0.09358387007920291
0.09348066416731798
0.09337790521229793
0.09327560464028531
0.09317377357313163
0.09307242280810826
0.09297156279854114
0.09287120363540508
0.09277135502990545
0.09267202629708245
0.09257322634045452
0.09247496363772474
0.09237724622756321
0.09228008169747812
0.09218347717277948
0.09208743930663818
0.09199197427123976
0.09189708775002178
0.09180278493099103
0.09170907050109632
0.09161594864164874
0.09152342302475946
0.09143149681077399
0.09134017264667225
0.09124945266540582
0.09115933848613578
0.09106983121533942
0.09098093144874081
0.09089263927403758
0.09080495427437026
0.09071787553250209
0.09063140163566416
0.09054553068102023
0.0904602602817143
0.09037558757345322
0.09029150922158456
0.0902080214286271
0.0901251199422142
0.0900428000634089
0.08996105665535233
0.08987988415221004
0.089799276568377
0.08971922750790853
0.08963973017414585
0.08956077737950266
0.08948236155538387
0.08940447476221058
0.08932710869952296
0.08925025471613761
0.08917390382033813
0.08909804669007484
0.08902267368315728
0.08894777484741903
0.08887333993083925
0.08879935839160681
0.08872581940810842
0.08865271188883359
0.08858002448217958
0.08850774558614742
0.08843586335791717
0.08836436572329379
0.08829324038601463
0.08822247483690782
0.08815205636289569
0.08808197205583373
0.08801220882117892
0.08794275338647689
0.08787359230966707
0.08780471198718917
0.08773609866189368
0.08766773843074353
0.08759961725230059
0.08753172095399345
0.08746403523915429
0.08739654569382424
0.08732923779331536
0.08726209690852406
0.08719510831199245
0.08712825718370641
0.08706152861662617
0.08699490762194607
0.08692837913407168
0.08686192801531419
0.08679553906029489
0.08672919700005252
0.08666288650585323
0.08659659219269601
0.08653029862250962
0.08646399030704124
0.08639765171042982
0.08633126725146524
0.08626482130553166
0.08619829820623098
0.08613168224669089
0.08606495768055461
0.08599810872265473
0.08593111954937233
0.08586397429868516
0.08579665706990561
0.08572915192311616
0.08566144287830216
0.08559351391419036
0.08552534896680025
0.08545693192770876
0.08538824664204371
0.08531927690620651
0.08525000646533872
0.0851804190105339
0.08511049817581402
0.08504022753487106
0.08496959059759064
0.08489857080636629
0.08482715153221516
0.08475531607071005
0.0846830476377361
0.0846103293650875
0.08453714429591704
0.08446347538005032
0.08438930546917985
0.08431461731195038
0.08423939354895346
0.08416361670764129
0.08408726919717491
0.08401033330322617
0.08393279118273697
0.0838546248586654
0.08377581621471748
0.08369634699009237
0.08361619877424657
0.08353535300169605
0.08345379094686999
0.08337149371902819
0.08328844225725927
0.0832046173255715
0.08311999950809022
0.08303456920437458
0.0829483066248688
0.08286119178649778
0.08277320450842102
0.08268432440795521
0.0825945308966802
0.08250380317673331
0.08241212023730929
0.08231946085136924
0.08222580357257171
0.08213112673243346
0.08203540843772537
0.08193862656811385
0.08184075877405106
0.0817417824749207
0.08164167485744384
0.08154041287434655
0.08143797324329481
0.08133433244609549
0.08122946672816679
0.08112335209827498
0.08101596432853839
0.0809072789546963
0.08079727127663755
0.08068591635918643
0.08057318903314153
0.08045906389655734
0.08034351531626722
0.08022651742963557
0.08010804414653223
0.07998806915152036
0.07986656590624674
0.07974350765202562
0.07961886741260209
0.07949261799708725
0.07936473200305305
0.07923518181977256
0.07910393963159677
0.07897097742145656
0.07883626697447646
0.07869977988169388
0.0785614875438686
0.07842136117537794
0.0782793718081877
0.07813549029589086
0.07798968731781103
0.0778419333831631
0.07769219883527112
0.07754045385584177
0.07738666846929232
0.07723081254714081
0.07707285581245703
0.07691276784438755
0.0767505180827612
0.07658607583278797
0.07641941026986597
0.07625049044451392
0.07607928528744697
0.07590576361482101
0.0757298941336679
0.0755516454475504
0.07537098606246626
0.07518788439303353
0.07500230876899404
0.0748142274420676
0.07462360859320369
0.07443042034026662
0.0742346307461985
0.07403620782771066
0.07383511956454451
0.07363133390935825
0.07342481879828318
0.07321554216221046
0.0730034719388537
0.07278857608564958
0.07257082259354951
0.07235017950175883
0.07212661491348381
0.07190009701274265
0.07167059408230428
0.07143807452280797
0.07120250687313139
0.07096385983205936
0.07072210228132453
0.07047720331006761
0.07022913224079069
0.06997785865685159
0.06972335243157196
0.06946558375900591
0.06920452318643928
0.06894014164866862
0.06867241050412613
0.06840130157289873
0.06812678717670262
0.067848840180863
0.0675674340383539
0.06728254283594728
0.06699414134251654
0.0667022050595454
0.06640671027387875
0.06610763411275733
0.06580495460117093
0.06549865072156036
0.06518870247589317
0.06487509095013536
0.06455779838113074
0.06423680822589671
0.06391210523333672
0.0635836755183567
0.06325150663837129
0.06291558767217145
0.0625759093011109
0.06223246389256093
0.06188524558557085
0.0615342503786558
0.061179476219610514
0.06082092309724994
0.060458593134940224
0.06009249068577634
0.05972262242924385
0.059348997469173
0.058971627432780366
0.05859052657056884
0.05820571185682893
0.057817203090462885
0.057425022995834185
0.05702919732330747
0.05662975494912556
0.056226727974246535
0.055820151821733034
0.05541006533225515
0.05499651085725498
0.054579534349285565
0.05415918544902107
0.053735517568393315
0.05330858796931712
0.05287845783742717
0.052445192350231165
0.05200886073906863
0.05156953634427568
0.05112729666291943
0.05068222338845281
0.05023440244167231
0.049783923992361354
