0.7137579190338136
0.8349954410963607
0.5226367294790409
0.33607856811601333
0.2686378513996364
0.26068129498744863
0.21038567279857268
0.19312812279543456
0.20460537843250906
0.17685206907330642
0.184629094582201
0.16647351647687653
0.16493723052635992
0.15652440831770922
0.15162526796722522
0.14756235148386382
0.14274391089064248
0.1393458970018365
0.135661698771067
0.13263467238648385
0.12993080117754888
0.12756343602937548
0.12556888054587623
0.12382538097316016
0.12233888010514292
0.1210495830422249
0.11992171715180033
0.1189324306391549
0.11805105860632689
0.11726133404430444
0.11654826311173969
0.11589933301616868
0.11530621200833352
0.11476127440033906
0.1142585157712384
0.11379308734994956
0.11336066915504
0.11295764189876392
0.11258083400598035
0.11222742535704722
0.11189494330343115
0.11158118013929676
0.11128416963346446
0.11100216530052698
0.11073361053381114
0.11047712317261982
0.110231478093765
0.10999559080469909
0.10976850436007583
0.10954937626012173
0.10933746666115186
0.10913212783392254
0.10893279430641563
0.10873897398821841
0.1085502401248217
0.10836622396131125
0.10818660812376005
0.10801112062498346
0.10783952943293887
0.10767163755873078
0.1075072786057786
0.10734631273571313
0.10718862301257945
0.10703411208849889
0.10688269920087203
0.10673431745531668
0.10658891137179095
0.10644643467506573
0.10630684831332206
0.10617011869071066
0.10603621610144008
0.10590511335412774
0.10577678457589224
0.10565120418613248
0.10552834603009094
0.1054081826622635
0.10529068476954195
0.10517582072373825
0.10506355625286834
0.10495385422034817
0.10484667450108966
0.10474197394342966
0.10463970640588158
0.10453982285789032
0.10444227153409766
0.10434699813208059
0.10425394604407962
0.10416305661392301
0.10407426941107427
0.10398752251455502
0.10390275280032066
0.10381989622652313
0.10373888811194017
0.1036596634036687
0.10358215693095944
0.10350630364279881
0.10343203882750608
0.10335929831321437
0.10328801864862577
0.10321813726389106
0.10314959261183934
0.10308232429010322
0.10301627314493525
0.10295138135769961
0.10288759251516898
0.10282485166484379
0.10276310535656774
0.10270230167172992
0.10264239024133558
0.10258332225419413
0.1025250504564232
0.10246752914340121
0.10241071414523148
0.10235456280669342
0.10229903396257979
0.10224408790922881
0.10218968637297256
0.1021357924761492
0.10208237070123577
0.10202938685358941
0.10197680802321017
0.10192460254587529
0.10187273996392741
0.10182119098695123
0.10176992745251381
0.10171892228710532
0.10166814946737132
0.10161758398169257
0.1015672017921367
0.10151697979678437
0.10146689579239716
0.10141692843738762
0.1013670572150294
0.10131726239683687
0.10126752500602856
0.10121782678099335
0.10116815013866279
0.10111847813770483
0.10106879444144796
0.10101908328045389
0.10096932941466098
0.10091951809503791
0.10086963502468263
0.10081966631933534
0.10076959846727102
0.10071941828856384
0.10066911289372907
0.10061866964177
0.10056807609767049
0.10051731998940155
0.10046638916452451
0.10041527154649352
0.10036395509078339
0.10031242774098198
0.1002606773850088
0.10020869181163082
0.10015645866746851
0.1001039654146879
0.10005119928959132
0.09999814726231801
0.09994479599787762
0.09989113181872963
0.09983714066912767
0.09978280808143049
0.0997281191445808
0.09967305847492988
0.09961761018957345
0.09956175788234208
0.09950548460256457
0.09944877283669533
0.09939160449287367
0.0993339608884431
0.09927582274043728
0.09921717015899806
0.09915798264366738
0.09909823908245446
0.09903791775355757
0.0989769963295832
0.09891545188408607
0.09885326090022734
0.09879039928132365
0.09872684236305222
0.09866256492706021
0.09859754121571426
0.09853174494773677
0.09846514933445648
0.09839772709642944
0.09832945048017745
0.09826029127481865
0.09819022082837706
0.09811921006358221
0.09804722949299749
0.0979742492333371
0.09790023901887232
0.09782516821384774
0.09774900582386936
0.09767172050625607
0.09759328057937568
0.09751365403102003
0.0974328085259052
0.09735071141240252
0.09726732972863607
0.09718263020809606
0.09709657928493926
0.09700914309915068
0.09692028750174987
0.09682997806022335
0.09673818006435587
0.09664485853261963
0.09654997821925768
0.09645350362217306
0.0963553989916919
0.09625562834022992
0.09615415545283487
0.09605094389852273
0.095945957042247
0.09583915805727433
0.09573050993764962
0.09561997551034083
0.0955075174465628
0.095393098271667
0.09527668037288436
0.09515822600408991
0.095037697286652
0.09491505620530843
0.09479026459791097
0.09466328413777333
0.09453407630725762
0.09440260236116173
0.09426882327839693
0.09413269970040103
0.09399419185471314
0.09385325946214244
0.09370986162600299
0.09356395670196288
0.09341550214718358
0.09326445434756817
0.09311076842216484
0.09295439800400446
0.09279529499695517
0.0926334093085194
0.09246868855885985
0.09230107776675739
0.09213051901362602
0.09195695108715035
0.09178030910654657
0.09160052413186692
0.09141752276017213
0.09123122671172423
0.09104155240965027
0.09084841055673229
0.09065170571309858
0.09045133587861033
0.09024719208366191
0.0900391579919057
0.08982710951812001
0.08961091446403409
0.08939043217442018
0.08916551321519439
0.08893599907462871
0.0887017218881085
0.0884625041861693
0.08821815866486973
0.0879684879768933
0.08771328454116309
0.08745233036820999
0.08718539689806339
0.08691224484705312
0.08663262405961934
0.08634627336103025
0.08605292040679045
0.08575228152447889
0.0854440615437998
0.08512795361069676
0.08480363898152797
0.08447078679343376
0.08412905380722363
0.08377808411927863
0.08341750883917418
0.08304694572990755
0.0826659988078131
0.08227425789946231
0.0818712981530809
0.08145667950229254
0.08102994608031973
0.0805906255831885
0.08013822858105896
0.07967224777753378
0.07919215721768114
0.07869741144665814
0.07818744462237545
0.07766166958765137
0.0771194769096446
0.07656023389702041
0.07598328360881071
0.07538794387372756
0.07477350634421807
0.07413923561451388
0.07348436843739868
0.07280811308450422
0.07210964890991127
0.07138812618599356
0.07064266627604876
0.06987236221704618
0.06907627985066934
0.06825345970844572
0.06740291974665634
0.06652365878577415
0.06561466081455919
0.06467490152715655
0.06370335826646915
0.06269901967158566
0.06166088856497045
0.060587990570265815
0.05947942813732466
0.05833445405732247
0.05715235708291358
0.05593212789423105
0.05467293528511214
0.05337639597246887
0.05204588055827358
0.05067361394599177
0.049235126767481714
