0.6492912505812978
0.8213101107556958
0.5659214079963533
0.29123898514718005
0.32701284650980006
0.23464026696233295
0.23267910557705007
0.2117387812265404
0.19658984461841325
0.18112435382776826
0.17572918495244302
0.16342622154016356
0.1605477309930801
0.15255630536049186
0.14793187924323004
0.14286578338568268
0.1392044104680045
0.13594552209747224
0.1334236440195295
0.13131677826449134
0.12973556587470336
0.12823157656837136
0.12714291833284608
0.12604035686930434
0.1251216791298444
0.12426639288130598
0.1234467094865582
0.1226958210520766
0.12196296272097223
0.12126349560778749
0.1205922325445106
0.11994239657772253
0.11931859385094301
0.11871836859826862
0.11814128231027127
0.11758784720877233
0.11705700523332202
0.11654812189209024
0.11606047776572928
0.11559299239604327
0.11514462804134108
0.11471430943928988
0.11430090489414875
0.11390331757900438
0.11352048483534238
0.11315137903241772
0.11279502749413498
0.11245051446861189
0.11211697912318058
0.11179361674430535
0.11147967676494788
0.11117445908008863
0.11087731098815555
0.11058762395882109
0.11030483016356829
0.11002839934700645
0.10975783604343597
0.10949267703623432
0.10923248913441347
0.10897686728757237
0.10872543298393135
0.1084778328973975
0.10823373776275041
0.10799284144119538
0.10775486013537702
0.10751953172227922
0.10728661517566676
0.10705589005000689
0.1068271560021554
0.10660023233227409
0.10637495752834995
0.10615118880115239
0.10592880159950474
0.10570768909816217
0.10548776165205236
0.10526894621191799
0.1050511856975693
0.10483443832574654
0.10461867689012698
0.10440388799154687
0.10419007121706989
0.10397723826705196
0.10376541202996675
0.10355462560550188
0.10334492127730709
0.1031363494377763
0.10292896746835298
0.10272283858009268
0.10251803062050574
0.10231461485404618
0.10211266472491493
0.1019122546121167
0.1017134585878201
0.10151634919103923
0.10132099622936233
0.10112746562190777
0.10093581829681002
0.10074610915632118
0.10055838612204132
0.10037268927184734
0.10018905007880723
0.10000749076077348
0.09982802374746416
0.09965065126976366
0.09947536507373697
0.09930214625953859
0.09913096524309813
0.0989617818362372
0.09879454543879437
0.09862919533449001
0.09846566108066504
0.09830386298076363
0.09814371262747143
0.09798511350384823
0.09782796162952394
0.0976721462391061
0.0975175504803184
0.09736405212000994
0.09721152424702448
0.09705983596192255
0.0969088530446794
0.09675843859267927
0.09660845362254508
0.09645875763056602
0.0963092091076407
0.09615966600575043
0.09600998615397821
0.09586002762298798
0.09570964903765639
0.09555870983822332
0.09540707049088172
0.09525459264919087
0.09510113926804982
0.09494657467224983
0.09479076458183802
0.09463357609666598
0.09447487764261506
0.09431453888205202
0.09415243059112494
0.09398842450653142
0.09382239314442122
0.0936542095940994
0.09348374728921002
0.09331087975907186
0.09313548036284128
0.09295742200914973
0.09277657686383028
0.09259281604828767
0.09240600933098639
0.09221602481441774
0.092022728619756
0.09182598457122809
0.09162565388200151
0.09142159484314047
0.0912136625168967
0.09100170843528156
0.09078558030452094
0.09056512171567836
0.09034017186137377
0.09011056525820597
0.08987613147413276
0.08963669485980441
0.08939207428259577
0.08914208286191061
0.08888652770412137
0.08862520963536182
0.08835792293037761
0.08808445503573183
0.08780458628570362
0.08751808960913735
0.0872247302255218
0.08692426532906135
0.0866164437600644
0.08630100566295101
0.08597768212951365
0.08564619482632115
0.08530625560736378
0.08495756611482583
0.08459981736826731
0.08423268933768482
0.08385585049916906
0.08346895738630906
0.08307165415502556
0.08266357215043577
0.08224432943269704
0.08181353026726679
0.08137076470452381
0.08091560834731551
0.08044762207408922
0.07996635128832291
0.07947132500878815
0.07896205629149805
0.07843804435301868
0.07789877437719248
0.0773437105378256
0.0767722907799082
0.07618394483587188
0.07557812694359056
0.07495428528810133
0.07431172730949318
0.07364961231500437
0.07296742598752202
0.07226542817058751
0.071543295914994
0.07079722407979944
0.07002259907327707
0.06922797707088241
0.06843684451614136
0.06763165326809953
0.06669344128038956
0.0655960149704979
0.0648510371863928
0.06505390852729512
0.06479151951574272
0.05942451456605705
0.06435235507819193
0.1066507833578075
0.30578545760666537
0.4611068816068064
0.6211600072609099
0.8959181137626385
1.115528513300157
1.1037344142121617
1.0976606858089752
1.0987389306596589
1.0956938151921753
1.096310661398499
1.0961424650715386
1.0961763165245992
1.0963156483230094
1.0961735365590404
1.0958584064553092
1.0954544271813875
1.094603895347083
1.0937862871305444
1.0925695035562755
1.091373383313354
1.0899379548750103
1.0884402636563641
1.0867563437546637
1.0848357520140932
1.0825434182354554
1.0796163665170624
1.0756837117895257
1.0699906528650083
1.0610518840132426
1.0451088920299625
1.0095954881451503
0.8784761392817746
0.5094689349042667
0.3746395631317092
0.364734743681314
0.4273699197324446
0.26088199196012346
0.3583395441953639
0.22259758367190266
0.1349936454383693
0.12716609453344657
0.12096119981486239
0.11633491619911614
0.12226361513625264
0.1176690601093318
0.1145495740958395
0.11843027850572324
0.11556266686439128
0.11271659482447882
0.11550907528122875
0.11377044194409239
0.11100166671927031
0.11277906966222881
0.11209459371712002
0.10935782906554359
0.11016509484605955
0.11039942574167033
0.10776821124263136
0.1076245673388361
0.10851756582687776
0.10620658859074636
0.10526381435681195
0.10629325021624109
0.10465038352844039
0.10325820536220753
0.10372337927695388
0.10303090189790176
0.10164010304844671
0.10115903662692155
0.10109812595980452
0.1001418657468685
0.09916082370068598
0.09876529660446057
0.09840015095292637
0.09765076500173965
0.09680846671684301
0.09621046358730415
0.09588008315233182
0.09537859578791463
0.09462159531656383
0.09371255649794341
0.09331822013505343
0.09321646353417473
0.09292065960294547
0.0919888236214487
0.09037618084249946
0.09122975206533604
0.09201703358697326
0.09596602129506045
0.09293394727484441
0.08934131409573934
0.1124212910705765
0.11217165440244664
0.22341442714937634
0.24952328390317058
0.3054879189744487
0.44752520365858406
0.7822737147508586
0.42419414038064485
0.761446858395223
0.8608124484609917
0.5188466622264822
0.4935661475357871
0.9170571426860026
0.29215362621152263
0.3727149144362643
0.14038930406041378
0.13159372396247515
0.14106164219909553
0.11530854547409367
0.10636337158838201
0.10619295983234729
0.09960879542372438
0.09587559830133258
0.09469821949814813
0.09140834990564731
0.09087670932851027
0.08952587512709993
0.08755780315039938
0.08712099523816527
0.08606087389482742
0.0848483785753481
0.08436792793552013
0.0835561968266734
0.08268100929426819
0.08217732234323029
0.08151330031986229
0.08077391559267122
0.08023320421102675
0.07965387592097511
0.07898735952359132
0.07839542012274114
0.07784740815705751
0.07724193698080509
0.07659770352434568
0.07600958866214469
0.07545316565470275
0.07480331592664627
0.07409611485824816
0.07350363085902699
0.07295733743635946
0.07217477150638363
0.07129853197635448
0.07080049008258664
0.07045041615448892
0.06918357533858038
0.06785562670950572
0.06820426204830012
0.06995296696250093
0.06547721006785792
0.06632512489466609
0.07430337980904854
0.1301928762854979
0.13027809394977852
0.29696076651846226
0.4507600703691625
0.6126235492482295
0.19876190830988805
0.5842642280142376
0.40008038625568487
0.46162051201105025
0.4628934126744089
0.6874842229010052
1.0980076395073537
0.6717332058868458
0.3418608296363774
0.186435002552237
0.13130078377745155
0.14511502982089694
0.10314128048822907
0.10374716711757524
0.08680871743010013
0.08287180879632053
0.07672644651472127
0.07255866942497305
0.06563611660267328
0.05877934753657207
0.05310707786200676
0.04831354114860977
