1.0948917403520941
1.000710946824266
0.8009400135354559
0.3187208389314008
0.30579439630618854
0.23786995533627978
0.1844854483353967
0.16743743571174885
0.16887880825747453
0.1553518861518861
0.15506982025189547
0.14950509787470054
0.14753005475216724
0.14483408873299888
0.14326983916752611
0.1417499299677085
0.14060317228774494
0.13972180489894032
0.1389368174075331
0.1383721785667122
0.13785865999637853
0.13744840580013362
0.13709719498275258
0.13678255778604606
0.13650876312436425
0.13625294766155457
0.13601380332601376
0.13578464085167763
0.13555892324904953
0.13533450254494106
0.1351072001265521
0.13487458694204857
0.13463461958794504
0.1343851675541262
0.13412467883500384
0.13385159489865592
0.13356448045707808
0.13326201638389323
0.13294288130153878
0.13260579772971345
0.13224949960531523
0.13187272783830736
0.13147424893373943
0.13105286410767436
0.13060743846430511
0.13013693827510833
0.1296404770980977
0.1291173747885711
0.1285672254435355
0.12798997405469134
0.12738599893711128
0.12675619471974509
0.12610204955233603
0.1254257077070388
0.12473000736733275
0.12401848302568011
0.12329532305376781
0.12256527646999885
0.12183350855664582
0.12110541220565993
0.12038638935716098
0.11968162275517132
0.1189958607782344
0.11833323643375096
0.11769713615824638
0.11709012642056305
0.11651393828529964
0.11596950365230371
0.11545703257282297
0.11497611883582047
0.11452586058213121
0.11410498370803317
0.1137119579758649
0.11334509869224828
0.11300265004032543
0.11268284911033641
0.1123839719342309
0.11210436420599038
0.11184245991429825
0.1115967910389764
0.11136599102441357
0.1111487941637381
0.1109440324567438
0.11075063102118105
0.11056760276637109
0.11039404277426348
0.11022912265599985
0.11007208503890219
0.1099222382693264
0.10977895137552607
0.10964164931069999
0.10950980848265113
0.10938295256860903
0.10926064860916893
0.10914250337253001
0.10902815997849125
0.10891729477056483
0.10880961442388092
0.10870485327616987
0.10860277086895082
0.108503149686082
0.10840579307700082
0.10831052335228429
0.10821718003955186
0.10812561828818773
0.10803570741188522
0.10794732955855768
0.1078603784977302
0.10777475851610738
0.10769038341258091
0.10760717558451945
0.1075250651977211
0.10744398943295647
0.10736389180253435
0.10728472153081198
0.10720643299303745
0.10712898520734458
0.10705234137513556
0.10697646846547135
0.10690133683944776
0.1068269199108739
0.10675319383988055
0.1066801372563772
0.10660773101053794
0.1065359579477593
0.10646480270574118
0.10639425153157109
0.10632429211687593
0.10625491344928305
0.10618610567859998
0.10611785999626712
0.10605016852677648
0.10598302422987177
0.10591642081246275
0.10585035264928355
0.10578481471142408
0.10571980250195026
0.10565531199789775
0.10559133959800329
0.10552788207559953
0.10546493653615069
0.10540250037896645
0.10534057126267543
0.10527914707407665
0.1052182259000385
0.1051578060021331
0.10509788579374005
0.10503846381936989
0.10497953873598874
0.10492110929614851
0.10486317433274166
0.10480573274522653
0.10474878348717408
0.10469232555501594
0.10463635797786922
0.1045808798083434
0.10452589011422998
0.10447138797099503
0.10441737245499685
0.10436384263736267
0.10431079757846298
0.1042582363229265
0.1042061578951486
0.10415456129524628
0.10410344549541956
0.10405280943668058
0.10400265202592031
0.10395297213327766
0.1039037685897854
0.10385504018526803
0.10380678566646587
0.10375900373536404
0.10371169304770886
0.10366485221169026
0.10361847978677446
0.10357257428267158
0.10352713415842207
0.1034821578215904
0.10343764362755006
0.10339358987885203
0.10334999482466072
0.10330685666025195
0.10326417352655856
0.10322194350975697
0.10318016464088531
0.10313883489548532
0.10309795219325966
0.10305751439773683
0.10301751931594044
0.10297796469805079
0.10293884823705951
0.10290016756840636
0.10286192026959734
0.10282410385979601
0.10278671579938886
0.10274975348951623
0.10271321427156924
0.102677095426648
0.10264139417498053
0.10260610767530087
0.10257123302418167
0.10253676725532809
0.10250270733882408
0.10246905018033702
0.10243579262028124
0.10240293143293809
0.1023704633255401
0.10233838493731383
0.10230669283849336
0.1022753835292993
0.10224445343889235
0.10221389892430342
0.1021837162693442
0.10215390168350677
0.10212445130085158
0.10209536117889617
0.10206662729750435
0.10203824555778894
0.10201021178102661
0.10198252170760015
0.10195517099596828
0.10192815522167517
0.10190146987640208
0.1018751103670747
0.10184907201502676
0.10182335005523287
0.10179793963561459
0.10177283581642771
0.1017480335697383
0.10172352777899304
0.1016993132386925
0.10167538465416952
0.10165173664148333
0.10162836372743031
0.10160526034967865
0.10158242085703136
0.10155983950981919
0.10153751048042925
0.10151542785396875
0.10149358562907058
0.10147197771883384
0.10145059795190958
0.10142944007372369
0.10140849774783701
0.10138776455744668
0.10136723400701757
0.10134689952404634
0.10132675446095245
0.10130679209708987
0.10128700564087637
0.10126738823203055
0.10124793294391515
0.10122863278597283
0.10120948070624947
0.10119046959399741
0.10117159228234614
0.10115284155103271
0.10113421012918128
0.10111569069812251
0.10109727589423852
0.10107895831182578
0.10106073050596386
0.10104258499537702
0.10102451426528021
0.10100651077019347
0.10098856693672031
0.1009706751662695
0.10095282783771874
0.10093501731000173
0.10091723592461407
0.10089947600802196
0.10088172987396754
0.10086398982566239
0.1008462481578552
0.10082849715877061
0.10081072911190762
0.10079293629769029
0.1007751109949665
0.1007572454823459
0.10073933203936959
0.10072136294751412
0.10070333049101327
0.10068522695750538
0.10066704463849509
0.10064877582963078
0.10063041283079197
0.10061194794599046
0.10059337348307734
0.10057468175326195
0.10055586507043648
0.10053691575031326
0.1005178261093688
0.10049858846360116
0.10047919512709959
0.10045963841042943
0.10043991061883478
0.10042000405025901
0.10039991099319154
0.10037962372433673
0.1003591345061159
0.10033843558399763
0.10031751918366785
0.10029637750803783
0.10027500273409555
0.10025338700960454
0.10023152244965358
0.10020940113306023
0.1001870150986324
0.1001643563412923
0.10014141680806246
0.1001181883939245
0.10009466293754248
0.10007083221686698
0.10004668794461014
0.10002222176360455
0.09999742524203849
0.09997228986857998
0.09994680704738221
0.09992096809297664
0.09989476422505504
0.09986818656313803
0.09984122612113791
0.09981387380180479
0.09978612039106859
0.09975795655226835
0.09972937282027089
0.09970035959547771
0.09967090713772142
0.09964100556004507
0.0996106448223685
0.09957981472503466
0.09954850490223768
0.09951670481532693
0.09948440374598547
0.09945159078928059
0.09941825484658
0.09938438461833472
0.09934996859671608
0.09931499505811482
0.09927945205548473
0.09924332741053542
0.0992066087057615
0.09916928327631072
0.09913133820167677
0.09909276029721764
0.09905353610548792
0.09901365188738137
0.09897309361307693
0.09893184695277901
0.09888989726724504
0.09884722959809387
0.09880382865788787
0.09875967881997479
0.09871476410808883
0.09866906818569562
0.09862257434507571
0.0985752654961356
0.09852712415493717
0.09847813243193579
0.0984282720199159
0.09837752418161698
0.09832586973703518
0.09827328905039037
0.09821976201675048
0.09816526804829906
0.09810978606023572
0.09805329445629529
0.09799577111387607
0.09793719336876394
0.09787753799943982
0.0978167812109548
0.09775489861836567
0.09769186522971032
0.09762765542851405
0.09756224295581342
0.0974956008916787
0.09742770163622248
0.0973585168900842
0.09728801763436855
0.09721617411002824
0.09714295579666878
0.09706833139076765
0.0969922687832868
0.09691473503666229
0.09683569636115658
0.09675511809055157
0.09667296465717148
0.0965891995662161
0.09650378536938292
0.09641668363776068
0.09632785493397904
0.09623725878359173
0.09614485364567746
0.09605059688263294
0.0959544447291358
0.0958563522602638
0.09575627335874778
0.09565416068132937
0.09554996562419663
0.09544363828748012
0.09533512743878915
0.09522438047575683
0.09511134338755872
0.09499596071537401
0.09487817551177398
0.0947579292990111
0.09463516202616683
0.09450981202509454
0.09438181596514296
0.09425110880665195
0.09411762375318124
0.09398129220237328
0.09384204369538482
0.09369980586491118
0.09355450438182711
0.09340606290031832
0.09325440300129495
0.09309944413408719
0.092941103556625
0.0927792962741121
0.09261393497570838
0.09244492996886337
0.0922721891117759
0.09209561774472992
0.09191511861970443
0.09173059182650158
0.09154193471541028
0.09134904181945844
0.09115180477766804
0.09095011225424589
0.09074384984831448
0.09053290000088332
0.09031714191288373
0.09009645146837203
0.08987070113235839
0.0896397598189762
0.08940349278983353
0.08916176162324736
0.08891442415104692
0.08866133422174191
0.08840234143664877
0.08813729124562873
0.08786602528730761
0.08758838104584848
0.08730419058372066
0.08701328035936502
0.08671547378869766
0.08641059269359383
0.08609845152912762
0.08577885044760243
0.08545158568692174
0.08511647229572705
0.08477332922341906
0.08442191181388753
0.08406191479202996
0.0836931548985977
0.08331566093395185
0.08292921646800998
0.08253285835320556
0.08212590909252461
0.08170999652072582
0.08128711653479069
0.08085253205393574
0.08039672300369852
0.07992846653905826
0.07948144846080414
0.0790445620023641
0.07850183918802695
0.07782696383882806
0.07740972789826896
0.07752902241748909
0.07719563202868525
0.07459360472817109
0.07490687839650856
0.0857418892341649
0.12102926247243985
0.09676816250148972
0.18491146177092885
0.5367610944313597
0.606011025392268
1.025180417743685
1.050582156738888
1.0285841494606227
0.9357937208253092
0.6811347219186807
0.17582800845779462
0.14079833850490933
0.186682135045469
0.10643009425318001
0.136308641949141
0.1393330809931984
0.11382436460155516
0.11707186910580673
0.12181556525235644
0.11537003932818524
0.11324236271877812
0.11260210701578757
0.10966436240892846
0.10705709721352347
0.10488324561385542
0.10198452264786517
0.09884398130985338
0.09584789326186743
0.09274947322233036
0.0895279231397442
0.08636880029426551
0.08335618203233358
0.08049298060983466
0.0777987026304431
0.07534681734598045
0.0732251602431135
0.07144094719632049
0.06991888433612475
0.0686458897913355
0.06769812640052945
0.06695765837471433
0.06606310949199254
0.06509302002688597
0.06482924802425276
0.06499567340169161
0.06331682490819979
0.06099688240023163
0.06537171376792078
0.07911040712913081
0.06900426832334283
0.10687365670137403
0.3128713899534842
0.47569535473854635
0.9139197579890247
0.5272099484784915
0.12134356851680143
0.3215936655162316
0.4918156083646885
0.3621842217541038
0.29368714769019477
0.2532381385501648
0.3343086068880738
0.24228457004824305
0.1424722758922946
0.2389806490842506
0.22786575794857428
0.24871969185979828
0.17502118425416674
0.2755009101626326
0.2895065145258009
0.31004287157666094
0.3465188473777009
0.37464453610036796
0.5399440722626799
0.2629808306391295
0.37687829064128964
0.15706668263195453
0.16283439403565494
0.14008963093920268
0.12778026214483443
0.09006771274942274
0.07102638739127387
0.07364605030266691
0.0703275469905056
0.06723225085754858
0.06431439627833802
0.06604964669449633
0.06706270004700887
0.05987605790538658
0.0628554384351426
0.06698533456177526
0.06706580242155394
0.06489312732342352
0.09059575124837857
0.1734150357060907
0.1676359453060549
0.24850776827805213
0.3665247918672886
0.4286211522594189
0.2100695859715676
0.404493209999766
0.26809618999570173
0.30906401134462885
0.3175269349838162
0.2219665421806779
0.3074434171133285
0.15451745474308307
0.08723205482025384
0.13063742756717078
0.11595859916325517
0.11955565440773344
0.08680473756642504
0.06602056441228374
0.06957487669936496
0.06391811098284864
0.05911438039949184
0.061063571004635185
0.059558689384673076
0.05602927591027888
0.05668158760413025
0.05691287181115812
0.05344245616549623
0.052354961695061486
0.0548025756511332
0.05553839867935344
0.047980032351834095
