0.5438250675261167
0.34307108517742146
0.3461668003498861
0.27293107147149853
0.2209657568137614
0.2169714163584291
0.21014027311258276
0.1991912054636695
0.19319933231591607
0.1893003426784014
0.18533417555822906
0.18193298824853646
0.17938777483631843
0.1772640364201318
0.17532111051684748
0.17368369188764654
0.17217435895133573
0.1706899121353298
0.1692479061395326
0.16778759269623766
0.1662885589592464
0.16475380886561547
0.16317213827497223
0.1615454011517912
0.1598788680304625
0.15817617403313416
0.15644430050927657
0.15469089070015352
0.1529238045701047
0.15115185276526563
0.1493841369078092
0.14762991099636188
0.14589848199937058
0.14419883627837576
0.14253934484873668
0.1409274617763393
0.13936942313994152
0.13787004204388154
0.136432605180217
0.13505887990590548
0.13374923196355665
0.13250282394739743
0.13131786055391564
0.13019184769458397
0.12912183635551439
0.12810463248242576
0.1271369639999377
0.1262156036233504
0.1253374516680079
0.12449958587421571
0.12369928602025357
0.1229340406571579
0.12220154213665722
0.12149967471015327
0.12082649915891064
0.12018023628983215
0.11955925075374373
0.11896203600706881
0.11838720080156975
0.11783345730744038
0.11729961080986784
0.11678455083180306
0.11628724349915145
0.11580672495911146
0.11534209567426368
0.1148925154354766
0.1144571989601792
0.11403541196581354
0.11362646762958716
0.11322972336420514
0.1128445778548498
0.1124704683154136
0.11210686793214747
0.11175328347081988
0.11140925302955491
0.11107434392406293
0.11074815069531879
0.11043029323212333
0.11012041500263825
0.10981818139008653
0.10952327812850629
0.10923540983484618
0.10895429863389455
0.10867968287259616
0.1084113159202906
0.10814896505134614
0.10789241040657918
0.1076414440297674
0.10739586897550207
0.10715549848457993
0.1069201552231178
0.10668967058158987
0.10646388403002027
0.10624264252564175
0.10602579996941433
0.10581321670791365
0.10560475907723482
0.10540029898569522
0.10519971353228298
0.10500288465795837
0.1048096988270886
0.10462004673646241
0.10443382304951082
0.10425092615351793
0.10407125793778324
0.10389472359084574
0.10372123141503888
0.1035506926567883
0.103383021351203
0.10321813417963675
0.1030559503390179
0.10289639142185728
0.10273938130594554
0.10258484605284318
0.10243271381435617
0.10228291474626446
0.10213538092864506
0.10199004629218981
0.10184684654998127
0.10170571913423838
0.10156660313758967
0.10142943925847542
0.10129416975031527
0.10116073837411174
0.10102909035418987
0.1008991723367976
0.10077093235131973
0.10064431977387406
0.1005192852930815
0.10039578087781813
0.1002737597467708
0.10015317633963626
0.10003398628981124
0.09991614639843913
0.09979961460968426
0.09968434998711764
0.09957031269110796
0.09945746395711882
0.09934576607482108
0.09923518236793996
0.09912567717475892
0.09901721582921297
0.09890976464251082
0.09880329088522438
0.09869776276980079
0.09859314943344738
0.09848942092135021
0.09838654817019048
0.09828450299192545
0.09818325805780848
0.09808278688262048
0.09798306380909617
0.09788406399252367
0.09778576338550396
0.09768813872285932
0.09759116750667678
0.09749482799148429
0.09739909916954909
0.09730396075629316
0.09720939317582958
0.09711537754660898
0.09702189566718297
0.09692893000207947
0.09683646366779528
0.09674448041890413
0.09665296463428542
0.09656190130347146
0.0964712760131237
0.09638107493363211
0.09629128480584642
0.09620189292794226
0.09611288714242143
0.09602425582325219
0.09593598786315304
0.0958480726610188
0.09576050010949615
0.0956732605827064
0.09558634492412
0.09549974443458416
0.09541345086050293
0.09532745638217424
0.09524175360228085
0.09515633553453866
0.09507119559250113
0.09498632757852023
0.09490172567286406
0.09481738442298997
0.09473329873297284
0.09464946385308881
0.09456587536955031
0.0944825291943969
0.09439942155553313
0.09431654898691981
0.09423390831891164
0.09415149666874156
0.09406931143115196
0.09398735026916843
0.09390561110501564
0.09382409211117411
0.09374279170157682
0.0936617085229412
0.09358084144623866
0.09350018955829911
0.0934197521535463
0.09333952872586704
0.09325951896061031
0.09317972272671535
0.09310014006896844
0.09302077120038724
0.09294161649473064
0.09286267647913551
0.0927839518268779
0.09270544335025832
0.09262715199361135
0.0925490788264392
0.09247122503666774
0.09239359192402628
0.09231618089355
0.09223899344920553
0.0921620311876391
0.09208529579204827
0.09200878902617758
0.09193251272843495
0.09185646880613609
0.091780659229869
0.09170508602798508
0.09162975128121484
0.09155465711740793
0.09147980570639924
0.09140519925500107
0.09133084000212077
0.09125673021400572
0.09118287217961465
0.09110926820611678
0.09103592061451701
0.09096283173540949
0.09089000390485956
0.09081743946041074
0.09074514073722213
0.09067311006433156
0.09060134976104636
0.09052986213346041
0.09045864947109938
0.0903877140436893
0.09031705809805328
0.09024668385513018
0.09017659350711955
0.09010678921474682
0.09003727310465312
0.08996804726690302
0.08989911375261314
0.08983047457169839
0.08976213169073466
0.08969408703093568
0.08962634246624453
0.08955889982153367
0.08949176087091817
0.08942492733617208
0.0893584008852536
0.08929218313093046
0.08922627562950759
0.089160679879654
0.08909539732132239
0.0890304293347655
0.08896577723964191
0.08890144229420978
0.08883742569460702
0.08877372857421344
0.08871035200309495
0.08864729698752195
0.08858456446956592
0.08852215532676512
0.08846007037186135
0.0883983103526011
0.08833687595160182
0.08827576778627799
0.0882149864088252
0.0881545323062598
0.08809440590051026
0.0880346075485601
0.08797513754263522
0.08791599611043882
0.08785718341542666
0.08779869955712251
0.0877405445714703
0.087682718431223
0.08762522104636096
0.08756805226454462
0.08751121187159142
0.08745469959198246
0.08739851508939153
0.08734265796723673
0.08728712776925315
0.08723192398008422
0.08717704602588996
0.08712249327497125
0.08706826503840824
0.08701436057071094
0.0869607790704817
0.08690751968108816
0.08685458149134459
0.08680196353620129
0.08674966479744192
0.08669768420438441
0.08664602063459104
0.08659467291457815
0.08654363982053373
0.08649292007903478
0.08644251236776973
0.08639241531626114
0.08634262750659003
0.08629314747412187
0.08624397370823293
0.08619510465303667
0.08614653870811093
0.08609827422922413
0.08605030952906187
0.08600264287795331
0.085955272504595
0.08590819659677731
0.08586141330210686
0.08581492072873097
0.08576871694605859
0.08572279998548274
0.08567716784110116
0.08563181847043567
0.08558674979515259
0.08554195970178036
0.0854974460424278
0.08545320663550111
0.08540923926642191
0.08536554168834219
0.08532211162286092
0.08527894676073937
0.08523604476261654
0.08519340325972335
0.08515101985459797
0.08510889212179891
0.0850670176086199
0.0850253938358023
0.08498401829824899
0.08494288846573662
0.08490200178362814
0.08486135567358358
0.08482094753427148
0.08478077474207961
0.08474083465182315
0.08470112459745363
0.08466164189276597
0.08462238383210383
0.08458334769106444
0.08454453072720056
0.08450593018072146
0.08446754327519067
0.08442936721822306
0.08439139920217752
0.08435363640484764
0.08431607599014893
0.08427871510880283
0.0842415508990175
0.0842045804871624
0.08416780098844187
0.08413120950756105
0.08409480313938866
0.08405857896961386
0.0840225340753972
0.08398666552601623
0.0839509703835047
0.08391544570328485
0.08388008853479303
0.08384489592209747
0.08380986490450995
0.08377499251718763
0.08374027579172767
0.08370571175675377
0.08367129743849265
0.08363702986134164
0.0836029060484279
0.08356892302215571
0.08353507780474587
0.08350136741876338
0.0834677888876347
0.08343433923615462
0.08340101549098115
0.08336781468111956
0.08333473383839499
0.08330176999791201
0.08326892019850402
0.08323618148316819
0.08320355089948984
0.08317102550005279
0.08313860234283785
0.08310627849160791
0.08307405101627957
0.08304191699328242
0.08300987350590466
0.08297791764462455
0.08294604650742912
0.08291425720011972
0.08288254683660254
0.08285091253916646
0.08281935143874693
0.08278786067517589
0.08275643739741835
0.08272507876379448
0.08269378194218864
0.08266254411024454
0.08263136245554577
0.08260023417578471
0.08256915647891587
0.08253812658329635
0.08250714171781293
0.08247619912199633
0.08244529604612193
0.08241442975129641
0.08238359750953242
0.08235279660381033
0.08232202432812719
0.0822912779875324
0.08226055489815208
0.08222985238719993
0.08219916779297767
0.08216849846486154
0.08213784176327871
0.08210719505967118
0.0820765557364493
0.08204592118693319
0.08201528881528358
0.08198465603642265
0.0819540202759432
0.08192337897000844
0.08189272956524182
0.08186206951860646
0.08183139629727566
0.08180070737849399
0.0817700002494292
0.08173927240701553
0.08170852135778849
0.0816777446177112
0.08164693971199329
0.08161610417490128
0.08158523554956237
0.08155433138776055
0.0815233892497254
0.08149240670391543
0.08146138132679395
0.08143031070259965
0.08139919242311056
0.08136802408740305
0.0813368033016059
0.08130552767864829
0.08127419483800451
0.08124280240543268
0.0812113480127108
0.08117982929736783
0.08114824390241218
0.08111658947605599
0.08108486367143675
0.08105306414633622
0.08102118856289664
0.08098923458733555
0.08095719988965715
0.08092508214336325
0.08089287902516228
0.08086058821467722
0.0808282073941531
0.0807957342481624
0.08076316646331233
0.08073050172794928
0.08069773773186681
0.08066487216600993
0.08063190272218365
0.0805988270927594
0.08056564297038564
0.08053234804769605
0.08049894001702276
0.0804654165701089
0.08043177539782391
0.08039801418988134
0.08036413063455874
0.08033012241841964
0.080295987226038
0.0802617227397281
0.08022732663927325
0.08019279660166184
0.08015813030082347
0.08012332540737149
0.0800883795883473
0.08005329050696867
0.08001805582238315
0.07998267318942433
0.07994714025837289
0.07991145467472156
0.0798756140789448
0.07983961610627313
0.07980345838647103
0.07976713854362043
0.07973065419590813
0.07969400295541842
0.07965718242793036
0.07962019021271896
0.07958302390236201
0.0795456810825514
0.07950815933190952
0.07947045622180839
0.07943256931619695
0.07939449617142985
0.07935623433610157
0.07931778135088652
0.07927913474838173
0.07924029205295428
0.07920125078059434
0.07916200843876955
0.0791225625262865
0.0790829105331545
0.0790430499404519
0.07900297822019924
0.07896269283523256
0.07892219123908198
0.07888147087585215
0.07884052918010662
0.0787993635767553
0.07875797148094156
0.07871635029793567
0.07867449742302757
0.07863241024142298
0.07859008612813966
0.07854752244790691
0.07850471655506537
0.0784616657934675
0.0784183674963799
0.0783748189863851
0.07833101757528418
0.07828696056399906
0.07824264524247573
0.07819806888958505
0.07815322877302514
0.07810812214922078
0.07806274626322374
0.07801709834861019
0.07797117562737646
0.07792497530983492
0.07787849459450505
0.07783173066800501
0.07778468070493831
0.0777373418677799
0.07768971130675781
0.07764178615973256
0.07759356355207361
0.07754504059653165
0.07749621439310772
0.07744708202891884
0.07739764057805897
0.07734788710145743
0.07729781864673166
0.0772474322480361
0.07719672492590769
0.07714569368710575
0.07709433552444771
0.07704264741664024
0.07699062632810627
0.0769382692088051
0.07688557299405047
0.07683253460432259
0.07677915094507408
0.07672541890653284
0.07667133536349907
0.076616897175137
0.07656210118476246
0.07650694421962523
0.07645142309068592
0.07639553459238889
0.076339275502429
0.07628264258151511
0.07622563257312741
0.07616824220327106
0.07611046818022346
0.07605230719427977
0.0759937559174903
0.07593481100339686
0.07587546908676168
0.07581572678329412
0.07575558068937202
0.07569502738175998
0.07563406341732133
0.07557268533272878
0.07551088964416888
0.07544867284704482
0.07538603141567345
0.07532296180298004
0.07525946044018868
0.0751955237365098
0.07513114807882443
0.0750663298313648
0.07500106533539139
0.07493535090886869
0.07486918284613543
0.07480255741757486
0.07473547086927977
0.07466791942271594
0.07459989927438389
0.07453140659547601
0.07446243753153418
0.07439298820210186
0.07432305470037748
0.07425263309286304
0.07418171941901229
0.07411030969087617
0.07403839989274721
0.07396598598080219
0.07389306388274255
0.07381962949743481
0.07374567869454743
0.07367120731418932
0.07359621116654491
0.073520686031509
0.07344462765832155
0.07336803176520032
0.07329089403897396
0.07321321013471452
0.07313497567536946
0.07305618625139326
0.07297683742037936
0.07289692470669204
0.0728164436010992
0.07273538956040476
0.07265375800708135
0.07257154432890658
0.07248874387859654
0.07240535197344349
0.07232136389495322
0.0722367748884861
0.07215158016289733
0.07206577489018283
0.07197935420512384
0.07189231320493811
0.0718046469489309
0.07171635045815176
0.07162741871505329
0.07153784666315476
0.07144762920671055
0.07135676121038223
0.07126523749891643
0.07117305285682823
0.07108020202809034
0.07098667971582916
0.0708924805820261
0.07079759924722914
0.07070203029026849
0.07060576824798395
0.07050880761495845
0.07041114284326273
0.07031276834220909
0.0702136784781161
0.07011386757408322
0.07001332990977908
0.06991205972124076
0.06981005120068606
0.06970729849634005
0.06960379571227673
0.06949953690827333
0.06939451609968303
0.06928872725732371
0.06918216430738326
0.06907482113134349
0.06896669156592403
0.06885776940304546
0.06874804838981241
0.06863752222852049
0.06852618457668372
0.0684140290470868
0.06830104920786176
0.06818723858258993
0.06807259065043031
0.06795709884627618
0.0678407565609394
0.06772355714136574
0.06760549389087998
0.06748656006946346
0.06736674889406477
0.06724605353894465
0.06712446713605667
0.0670019827754641
0.06687859350579559
0.06675429233473995
0.06662907222958102
0.06650292611777464
0.06637584688756959
0.06624782738867287
0.06611886043296045
0.06598893879523636
0.06585805521404052
0.0657262023925066
0.06559337299927295
0.06545955966944632
0.06532475500561959
0.06518895157894926
0.06505214193028797
0.06491431857137885
0.06477547398611146
0.0646356006318399
0.06449469094076768
0.06435273732139822
0.06420973216005357
0.06406566782246595
0.06392053665543826
0.06377433098858187
0.06362704313612759
0.06347866539881711
0.06332919006587262
0.063178609417049
0.06302691572476975
0.06287410125634851
0.06272015827629873
0.06256507904873398
0.062408855839857995
0.062251480920551897
0.062092946569055105
0.061933245073746125
0.06177236873602295
0.06161030987328643
0.06144706082202939
0.061282613941030656
0.06111696161466011
0.060950096256294474
0.06078201031184684
0.060612696263411536
0.06044214663302726
0.06027035398656075
0.06009731093771233
0.05992301015214514
0.05974744435174413
0.05957060631899869
0.059392488901521545
0.05921308501669683
0.05903238765646486
0.05885038989224374
0.05866708487998917
0.058482465865396266
0.05829652618924322
0.05810925929287941
0.05792065872386084
0.057730718141732286
0.057539431323958744
0.05734679217200898
0.057152794717590966
0.05695743312903917
0.0567607017178601
0.056562594945428694
0.05636310742984656
0.05616223395295332
0.05595996946749805
0.05575630910446881
0.055551248180580326
0.05534478220592008
0.055136906891754184
0.05492761815849005
0.05471691214379736
0.054504785210885455
0.05429123395693647
0.054076255221693584
0.05385984609620119
0.053642003931695194
0.05342272634864433
0.053202011245935224
0.052979856810202494
0.05275626152529688
0.05253122418189264
0.05230474388722493
0.052076820074955926
0.05184745251516603
0.05161664132446055
0.05138438697619084
0.05115069031078112
0.050915552546155554
0.050678975288256864
0.05044096054165232
0.050201510720213914
0.04996062865787018
