0.45685757851547315
0.5541917869465484
0.3986397754106181
0.2204508399857027
0.26932307181873627
0.22068443915912153
0.21514120382720392
0.20267711464596821
0.1889271141028086
0.19126806794356357
0.17444736015093407
0.18566418664238224
0.16687474197415678
0.17891704629923758
0.16241917662412353
0.17036250116075932
0.15716651214043453
0.16170149319559815
0.15091528299549029
0.15362576375628378
0.1448237123813082
0.14623215197618705
0.13944129514390347
0.13977601145003135
0.13495425622565532
0.13456839940434315
0.1314276067474625
0.13071578336647838
0.12878495414887312
0.12804583600384073
0.1268406969527053
0.1262151918626634
0.1253816067952031
0.12488236893905853
0.12422733629894192
0.12380989606186753
0.12325133195447202
0.12286897780903913
0.1223751913456477
0.12200025804508247
0.12155430726559885
0.12117731039050333
0.12076507166861646
0.1203866183530635
0.11999620018916829
0.11962000583548783
0.1192433295468322
0.11887268452408245
0.11850572466555648
0.11814269196405347
0.11778437626734958
0.1174301980241115
0.11708098525265859
0.11673658723578673
0.11639741584219315
0.11606360973698489
0.11573534816447674
0.11541279468833024
0.11509603310254507
0.11478514449621297
0.11448014853521365
0.1141810369488062
0.1138877645581486
0.11360025307332386
0.11331839834884425
0.11304207083114871
0.11277112176290269
0.11250538616601191
0.11224468659404639
0.11198883670752535
0.11173764407253653
0.11149091298278972
0.11124844673990042
0.1110100496462604
0.11077552870221187
0.11054469497821173
0.11031736475040267
0.11009336039471668
0.10987251107880011
0.10965465328174029
0.10943963116116749
0.10922729679476043
0.10901751031495555
0.10881013995479748
0.10860506202112702
0.10840216080813166
0.10820132846302499
0.10800246481368911
0.10780547716654112
0.10761028008167553
0.10741679513109617
0.10722495064487762
0.10703468144923377
0.10684592859971509
0.1066586391121305
0.10647276569324797
0.10628826647285937
0.1061051047384301
0.10592324867321837
0.1057426710984979
0.10556334922030115
0.10538526438093714
0.10520840181539931
0.10503275041269132
0.10485830248201877
0.1046850535237557
0.10451300200506122
0.10434214914001519
0.10417249867414374
0.10400405667321484
0.10383683131621017
0.10367083269240521
0.10350607260251758
0.10334256436392805
0.10318032262000258
0.10301936315359118
0.10285970270480724
0.10270135879322873
0.10254434954469568
0.10238869352290023
0.10223440956599997
0.10208151662849246
0.10193003362862266
0.10177997930158597
0.10163137205881301
0.10148422985361305
0.1013385700534527
0.10119440931913598
0.10105176349114196
0.10091064748334741
0.10077107518435344
0.10063305936659178
0.10049661160336916
0.10036174219396093
0.10022846009683928
0.10009677287107502
0.09996668662590841
0.09983820597844885
0.09971133401941648
0.09958607228679084
0.09946242074719802
0.09934037778481782
0.09921994019755848
0.09910110320020477
0.09898386043421079
0.09886820398377934
0.09875412439783793
0.09864161071749857
0.09853065050856555
0.09842122989864135
0.09831333361836689
0.098206945046322
0.098102046257115
0.09799861807218045
0.09789664011281995
0.09779609085501903
0.09769694768559431
0.09759918695923331
0.09750278405601352
0.09740771343900431
0.09731394871158518
0.09722146267413152
0.09713022737975452
0.09704021418880493
0.09695139382188604
0.09686373641114208
0.0967772115496299
0.09669178833860409
0.09660743543257405
0.09652412108202992
0.09644181317375032
0.0963604792686377
0.09628008663705054
0.09620060229162464
0.09612199301759555
0.09604422540065338
0.09596726585238119
0.09589108063333995
0.09581563587387348
0.09574089759272564
0.09566683171355989
0.09559340407948524
0.09552058046569216
0.09544832659030794
0.0953766081235759
0.09530539069546783
0.09523463990182773
0.0951643213091503
0.09509440045807946
0.09502484286571727
0.09495561402681255
0.09488667941390225
0.09481800447645787
0.09474955463908608
0.09468129529881639
0.09461319182150672
0.09454520953737376
0.09447731373566264
0.09440946965844116
0.09434164249351176
0.09427379736641478
0.09420589933149655
0.09413791336199998
0.0940698043391461
0.09400153704014726
0.09393307612511818
0.09386438612281935
0.09379543141519192
0.09372617622062755
0.09365658457592468
0.09358662031688429
0.0935162470575004
0.09344542816770689
0.09337412674964518
0.09330230561242446
0.09322992724535029
0.0931569537896085
0.09308334700839191
0.09300906825546996
0.09293407844220541
0.09285833800302919
0.0927818068593986
0.09270444438225739
0.09262620935303885
0.09254705992324835
0.09246695357267487
0.09238584706628443
0.09230369640985717
0.0922204568044313
0.09213608259963153
0.09205052724595628
0.09196374324611022
0.09187568210547327
0.09178629428180267
0.09169552913426894
0.09160333487193915
0.09150965850182102
0.0914144457765893
0.09131764114212944
0.09121918768503041
0.09111902708017339
0.09101709953857146
0.09091334375561523
0.09080769685989952
0.09070009436279963
0.09059047010898719
0.09047875622807083
0.09036488308756405
0.09024877924737454
0.09013037141602938
0.09000958440883909
0.0898863411082083
0.08976056242630473
0.0896321672702815
0.08950107251024772
0.08936719295016708
0.08923044130184515
0.08909072816214744
0.08894796199355887
0.0888020491081654
0.08865289365509753
0.08850039761143111
0.08834446077648442
0.08818498076940419
0.08802185302985423
0.08785497082156382
0.08768422523841682
0.08750950521268533
0.08733069752493575
0.08714768681506033
0.08696035559381125
0.08676858425414644
0.08657225108163435
0.08637123226311536
0.08616540189277483
0.08595463197476647
0.08573879242151701
0.0855177510468566
0.08529137355316616
0.0850595235117836
0.08482206233600656
0.08457884924613303
0.08432974122611393
0.08407459297154411
0.08381325682888816
0.08354558272602716
0.08327141809439535
0.08299060778319023
0.08270299396633055
0.08240841604304244
0.0821067105331493
0.08179771096831032
0.08148124778062917
0.08115714819020894
0.08082523609336784
0.08048533195334984
0.08013725269548146
0.07978081160881714
0.07941581825643221
0.07904207839662486
0.07865939391738788
0.07826756278661307
0.07786637902064215
0.07745563267397193
0.07703510985316064
0.07660459275815168
0.07616385975442741
0.07571268547977604
0.07525084099005255
0.0747780939488422
0.07429420886592863
0.07379894738940757
0.07329206865739668
0.07277332971776736
0.07224248602508751
0.0716992920198966
0.07114350179157419
0.07057486983522324
0.0699931519331693
0.06939810618528464
0.06878949415041204
0.06816708202656538
0.06753064195420486
0.06687995377343997
0.06621480729273112
0.06553500408576023
0.06484035779956038
0.06413069544345198
0.06340586538523614
0.06266574837853746
0.06191024765249994
0.06113925055481991
0.06035264591034942
0.05955050031808311
0.05873315124831716
0.057900587214860536
0.05705156252054126
0.05618549139340079
0.0553078442371121
0.05442630237255615
0.05352352742772677
0.052552323528278384
0.05155984696686216
0.05080610667122291
0.050288583821789315
0.04872228398830193
